Date,Region,Rainfall_mm,Temperature_C,Sentiment_Score,News_Sentiment,Nitrogen_N,Phosphorus_P,Potassium_K,Paddy_Price_LKR_per_kg,Demand_Tons
2021-01-01,North,43.28,25.84,0.174,0.261,528.08,10.98,9.96,85.75,346.12
2021-01-01,South,39.02,26.61,0.153,0.247,526.23,10.62,9.74,84.98,341.91
2021-01-01,East,37.17,26.87,0.145,0.241,523.19,10.8,10.0,83.27,334.45
2021-01-01,West,40.34,26.06,0.171,0.272,520.34,10.93,10.11,84.38,341.49
2021-01-01,Central,42.66,25.92,0.148,0.251,528.63,10.84,9.9,84.05,337.91
2021-01-02,North,46.06,25.7,0.194,0.243,531.93,10.94,10.09,85.27,346.27
2021-01-02,South,42.7,26.49,0.168,0.228,525.81,10.68,10.05,84.69,342.62
2021-01-02,East,39.82,26.75,0.147,0.21,531.55,10.9,9.89,83.76,334.69
2021-01-02,West,45.14,26.17,0.158,0.237,522.26,11.21,10.16,84.58,341.3
2021-01-02,Central,44.71,25.86,0.157,0.212,526.32,10.71,9.98,83.72,338.53
2021-01-03,North,44.65,25.89,0.21,0.258,531.24,10.93,10.19,85.91,346.31
2021-01-03,South,40.57,26.74,0.197,0.232,523.91,10.57,10.07,85.59,341.37
2021-01-03,East,37.82,26.72,0.154,0.223,532.25,10.93,10.01,83.6,334.56
2021-01-03,West,42.73,26.32,0.148,0.274,521.41,10.94,10.4,84.57,341.35
2021-01-03,Central,42.34,26.06,0.172,0.257,524.75,10.51,10.12,83.94,337.9
2021-01-04,North,44.19,26.02,0.19,0.238,534.86,11.03,10.34,86.1,346.86
2021-01-04,South,40.12,26.82,0.19,0.24,524.57,10.8,10.17,84.86,342.5
2021-01-04,East,38.04,27.05,0.166,0.214,526.68,10.72,10.03,83.64,334.47
2021-01-04,West,42.47,26.31,0.177,0.24,520.78,10.81,10.3,84.5,340.96
2021-01-04,Central,43.67,26.23,0.169,0.21,523.33,10.55,9.84,83.88,339.89
2021-01-05,North,45.3,25.74,0.226,0.251,534.02,10.98,10.27,86.02,345.7
2021-01-05,South,40.32,26.49,0.196,0.224,522.82,10.59,10.25,84.71,342.25
2021-01-05,East,38.68,26.62,0.153,0.221,533.17,10.91,10.01,84.34,334.43
2021-01-05,West,42.18,26.24,0.182,0.219,522.27,10.9,10.29,84.65,340.92
2021-01-05,Central,45.3,26.08,0.16,0.222,526.86,10.67,10.19,83.96,338.76
2021-01-06,North,45.99,25.67,0.232,0.271,534.91,11.06,10.18,85.73,347.4
2021-01-06,South,41.15,26.2,0.214,0.284,523.22,10.63,10.14,84.94,342.68
2021-01-06,East,38.32,26.65,0.191,0.243,526.79,10.8,10.08,83.43,336.71
2021-01-06,West,44.57,26.11,0.218,0.272,526.47,10.86,10.22,84.4,343.63
2021-01-06,Central,43.87,26.09,0.198,0.256,529.55,10.44,9.81,84.77,339.5
2021-01-07,North,43.89,25.86,0.227,0.271,533.77,11.01,10.0,85.86,346.14
2021-01-07,South,39.58,26.5,0.203,0.263,524.74,10.66,10.01,85.15,341.98
2021-01-07,East,35.14,26.68,0.189,0.255,529.58,10.7,10.02,84.09,335.42
2021-01-07,West,42.38,26.21,0.207,0.258,521.82,10.87,10.52,84.57,341.91
2021-01-07,Central,44.12,26.04,0.191,0.284,524.04,10.4,9.8,84.4,339.44
2021-01-08,North,44.36,25.91,0.219,0.301,538.69,11.2,10.39,86.32,347.54
2021-01-08,South,40.62,26.52,0.213,0.286,524.45,10.56,10.32,85.48,343.52
2021-01-08,East,39.69,26.61,0.168,0.269,528.56,10.95,10.12,83.99,335.74
2021-01-08,West,43.99,26.03,0.212,0.309,523.59,10.58,10.24,85.05,342.04
2021-01-08,Central,42.98,26.0,0.204,0.293,528.8,10.52,10.12,84.26,339.42
2021-01-09,North,44.62,25.7,0.223,0.366,532.55,10.84,10.34,86.66,346.98
2021-01-09,South,41.72,26.66,0.211,0.334,523.83,10.78,10.02,85.69,342.97
2021-01-09,East,37.55,26.78,0.176,0.332,529.73,10.83,10.01,84.21,335.29
2021-01-09,West,44.36,26.21,0.209,0.317,522.47,10.96,10.39,85.0,343.72
2021-01-09,Central,46.0,26.02,0.184,0.33,529.57,10.53,9.97,84.28,339.73
2021-01-10,North,45.27,25.9,0.235,0.3,536.03,10.85,10.33,86.3,345.5
2021-01-10,South,41.4,26.51,0.211,0.326,524.78,10.43,10.17,85.78,341.52
2021-01-10,East,38.47,26.88,0.199,0.31,531.4,10.62,10.03,84.57,334.69
2021-01-10,West,43.85,26.24,0.215,0.291,522.28,10.78,10.47,85.15,341.84
2021-01-10,Central,44.4,26.02,0.206,0.29,530.65,10.58,10.1,84.9,338.69
2021-01-11,North,45.68,25.9,0.239,0.294,533.48,11.03,10.3,86.13,346.05
2021-01-11,South,40.87,26.81,0.21,0.29,529.0,10.75,10.16,85.97,341.42
2021-01-11,East,40.08,26.95,0.18,0.282,529.82,10.87,9.94,84.32,335.63
2021-01-11,West,44.6,26.42,0.221,0.289,523.59,10.98,10.56,85.23,340.64
2021-01-11,Central,46.88,26.15,0.186,0.289,530.26,10.5,9.92,84.63,340.8
2021-01-12,North,45.58,26.11,0.225,0.29,536.7,10.91,10.56,86.6,346.66
2021-01-12,South,43.33,26.78,0.225,0.252,522.62,10.55,10.14,85.14,342.94
2021-01-12,East,38.88,27.01,0.212,0.253,530.85,10.85,10.16,84.44,336.54
2021-01-12,West,46.78,26.49,0.224,0.253,524.93,10.79,10.54,84.93,342.44
2021-01-12,Central,46.19,26.41,0.21,0.271,529.94,10.61,10.13,85.01,340.61
2021-01-13,North,48.5,26.23,0.25,0.269,537.69,11.04,10.4,86.21,347.63
2021-01-13,South,46.27,26.93,0.232,0.257,527.99,10.72,10.47,85.48,343.58
2021-01-13,East,41.66,27.13,0.185,0.256,532.37,10.94,10.21,84.2,336.97
2021-01-13,West,47.58,26.47,0.225,0.274,525.29,10.82,10.52,85.23,342.4
2021-01-13,Central,48.13,26.54,0.195,0.276,529.73,10.45,10.11,85.06,340.97
2021-01-14,North,48.28,26.5,0.224,0.227,538.54,11.04,10.52,86.17,347.15
2021-01-14,South,42.91,27.24,0.199,0.221,525.58,10.52,10.47,85.37,342.43
2021-01-14,East,41.24,27.27,0.181,0.197,529.52,10.74,10.3,84.19,335.82
2021-01-14,West,45.78,26.74,0.192,0.216,522.9,11.19,10.5,85.06,342.24
2021-01-14,Central,46.1,26.59,0.182,0.194,530.75,10.38,10.44,84.85,339.42
2021-01-15,North,45.53,26.38,0.229,0.268,540.61,11.1,10.51,86.22,347.68
2021-01-15,South,41.15,27.13,0.193,0.225,527.1,10.69,10.35,85.29,342.58
2021-01-15,East,37.98,27.37,0.17,0.185,533.37,10.86,10.1,84.2,337.21
2021-01-15,West,44.63,26.74,0.197,0.221,525.81,10.82,10.56,85.13,342.41
2021-01-15,Central,46.36,26.61,0.196,0.19,529.62,10.55,10.11,84.28,339.66
2021-01-16,North,45.11,26.42,0.204,0.223,540.24,10.96,10.25,86.54,347.31
2021-01-16,South,44.15,27.18,0.184,0.169,525.45,10.73,10.38,85.22,342.85
2021-01-16,East,38.29,27.32,0.167,0.184,531.3,10.68,10.3,84.21,336.57
2021-01-16,West,44.34,26.76,0.172,0.19,524.77,11.12,10.41,84.98,342.89
2021-01-16,Central,46.37,26.62,0.169,0.191,532.19,10.79,10.44,84.69,340.18
2021-01-17,North,48.0,26.54,0.171,0.238,539.31,10.96,10.34,86.17,346.77
2021-01-17,South,43.36,27.19,0.173,0.245,529.04,10.84,10.47,85.6,344.72
2021-01-17,East,40.15,27.37,0.146,0.207,533.34,10.74,10.22,84.39,336.11
2021-01-17,West,46.34,26.89,0.144,0.207,524.57,10.94,10.55,84.84,342.43
2021-01-17,Central,46.93,26.92,0.155,0.206,529.59,10.8,10.06,84.52,339.79
2021-01-18,North,45.02,26.42,0.177,0.236,534.1,10.93,10.5,85.85,347.87
2021-01-18,South,41.38,27.11,0.171,0.229,530.85,10.96,10.5,85.72,343.62
2021-01-18,East,40.01,27.38,0.155,0.217,533.93,10.55,10.35,83.81,335.31
2021-01-18,West,42.59,26.77,0.167,0.227,526.6,10.76,10.72,84.98,342.33
2021-01-18,Central,44.44,26.56,0.168,0.232,529.64,10.5,10.2,84.42,338.7
2021-01-19,North,44.46,26.6,0.191,0.223,539.13,11.09,10.46,86.4,346.06
2021-01-19,South,40.37,27.22,0.188,0.219,531.12,10.82,10.24,85.91,342.43
2021-01-19,East,37.19,27.47,0.142,0.221,534.6,10.66,10.26,84.07,335.55
2021-01-19,West,40.7,26.87,0.187,0.229,526.51,10.82,10.69,85.27,340.97
2021-01-19,Central,42.62,26.76,0.172,0.209,531.99,10.38,10.41,84.89,340.56
2021-01-20,North,41.6,26.61,0.24,0.239,539.77,10.84,10.74,86.58,346.43
2021-01-20,South,37.14,27.31,0.187,0.248,528.35,10.51,10.6,85.9,342.14
2021-01-20,East,34.73,27.61,0.149,0.225,533.7,10.72,10.34,84.36,335.46
2021-01-20,West,39.05,26.83,0.193,0.239,525.26,11.03,10.77,85.45,340.71
2021-01-20,Central,40.55,26.73,0.174,0.236,530.54,10.45,10.38,85.0,338.76
2021-01-21,North,42.25,26.74,0.225,0.254,536.85,11.0,10.59,87.22,347.13
2021-01-21,South,39.07,27.35,0.211,0.249,528.61,10.71,10.43,86.62,343.87
2021-01-21,East,36.53,27.63,0.168,0.214,533.59,10.76,10.35,84.6,336.95
2021-01-21,West,41.3,27.13,0.215,0.244,525.55,10.86,10.92,85.72,342.06
2021-01-21,Central,42.2,26.95,0.185,0.233,531.23,10.56,10.5,85.24,340.31
2021-01-22,North,43.26,26.63,0.201,0.234,541.71,10.91,10.37,87.14,346.05
2021-01-22,South,37.1,27.2,0.167,0.226,530.05,10.66,10.44,86.34,341.35
2021-01-22,East,34.22,27.52,0.149,0.218,535.09,10.73,10.68,85.03,334.9
2021-01-22,West,38.29,26.89,0.185,0.217,526.43,10.78,10.57,85.5,341.07
2021-01-22,Central,40.34,26.89,0.184,0.229,533.61,10.77,10.38,85.54,338.56
2021-01-23,North,41.41,26.94,0.176,0.232,539.26,11.01,10.66,87.15,345.59
2021-01-23,South,37.55,27.4,0.168,0.254,530.2,10.57,10.34,86.69,340.78
2021-01-23,East,34.71,27.65,0.149,0.213,534.93,10.76,10.43,85.17,334.59
2021-01-23,West,39.46,27.2,0.154,0.213,529.4,10.63,10.49,86.19,341.36
2021-01-23,Central,40.5,26.92,0.148,0.207,533.5,10.39,10.27,85.51,337.79
2021-01-24,North,43.9,26.75,0.214,0.176,541.78,10.92,10.72,87.06,345.81
2021-01-24,South,39.25,27.51,0.195,0.159,530.58,10.55,10.35,86.66,341.89
2021-01-24,East,36.22,27.83,0.181,0.159,529.9,10.6,10.41,85.11,334.53
2021-01-24,West,40.18,27.13,0.2,0.171,529.7,10.96,10.78,86.21,341.37
2021-01-24,Central,41.1,27.26,0.182,0.177,534.72,10.6,10.5,85.17,340.12
2021-01-25,North,43.94,26.81,0.186,0.166,540.41,11.0,10.68,87.22,345.99
2021-01-25,South,38.65,27.52,0.201,0.17,530.84,10.48,10.55,86.93,343.11
2021-01-25,East,35.87,27.48,0.175,0.141,534.62,10.7,10.51,84.78,336.47
2021-01-25,West,39.97,27.12,0.197,0.134,527.43,10.76,11.0,85.73,340.53
2021-01-25,Central,42.22,26.98,0.184,0.175,536.35,10.55,10.33,85.92,338.79
2021-01-26,North,43.42,26.77,0.207,0.147,541.39,11.01,10.61,87.05,346.35
2021-01-26,South,39.86,27.54,0.204,0.142,531.63,10.79,10.46,86.56,343.68
2021-01-26,East,36.78,27.66,0.18,0.117,536.19,10.73,10.52,84.97,336.46
2021-01-26,West,43.66,27.23,0.213,0.129,529.76,10.77,10.79,85.93,341.82
2021-01-26,Central,43.44,27.0,0.193,0.143,534.29,10.57,10.52,85.63,340.0
2021-01-27,North,43.98,27.07,0.214,0.161,541.74,10.87,10.69,87.29,347.42
2021-01-27,South,39.95,27.57,0.21,0.152,527.16,10.69,10.58,86.29,343.93
2021-01-27,East,37.8,27.72,0.173,0.112,536.53,10.67,10.4,85.14,336.66
2021-01-27,West,40.19,27.19,0.207,0.147,527.71,10.68,10.86,85.84,342.78
2021-01-27,Central,42.38,27.08,0.173,0.137,534.19,10.55,10.38,85.73,340.55
2021-01-28,North,45.36,26.88,0.21,0.133,543.01,10.85,10.54,87.94,349.42
2021-01-28,South,40.04,27.56,0.216,0.137,534.49,10.69,10.62,86.65,345.11
2021-01-28,East,39.54,27.81,0.184,0.116,538.1,10.98,10.46,85.67,337.94
2021-01-28,West,42.01,27.32,0.2,0.136,533.09,10.6,10.75,86.73,343.87
2021-01-28,Central,43.62,27.2,0.18,0.109,533.23,10.39,10.5,85.78,341.35
2021-01-29,North,46.36,27.07,0.209,0.128,542.97,11.04,10.71,87.49,349.01
2021-01-29,South,42.28,27.64,0.201,0.125,530.29,10.56,10.72,87.01,344.25
2021-01-29,East,38.96,27.96,0.183,0.123,536.98,10.77,10.43,85.8,337.95
2021-01-29,West,44.2,27.33,0.207,0.126,531.7,10.73,10.71,86.54,343.72
2021-01-29,Central,45.72,27.37,0.176,0.125,533.7,10.55,10.72,85.85,342.06
2021-01-30,North,45.58,27.19,0.226,0.112,543.78,10.87,10.6,88.11,349.47
2021-01-30,South,42.77,27.87,0.199,0.132,530.35,10.63,10.54,86.81,346.44
2021-01-30,East,38.36,28.24,0.191,0.103,540.57,10.45,10.56,85.66,337.23
2021-01-30,West,45.22,27.46,0.201,0.122,532.51,10.8,10.82,86.28,344.75
2021-01-30,Central,44.62,27.46,0.201,0.109,539.49,10.45,10.7,86.33,343.11
2021-01-31,North,45.77,27.38,0.23,0.134,545.86,10.94,10.87,87.88,348.9
2021-01-31,South,41.56,28.18,0.222,0.116,534.81,10.55,10.79,87.21,345.58
2021-01-31,East,37.86,28.42,0.198,0.136,537.92,10.8,10.61,85.94,338.43
2021-01-31,West,44.29,27.82,0.201,0.125,530.05,10.75,10.98,86.55,343.98
2021-01-31,Central,43.32,27.74,0.185,0.128,535.73,10.55,10.47,86.02,341.23
2021-02-01,North,46.3,27.42,0.234,0.142,544.09,10.91,10.78,88.23,350.44
2021-02-01,South,43.66,28.16,0.197,0.15,533.02,10.65,10.48,87.23,346.12
2021-02-01,East,39.18,28.4,0.182,0.134,536.46,10.58,10.64,86.17,340.15
2021-02-01,West,45.24,27.81,0.209,0.129,531.05,10.72,10.78,86.99,346.78
2021-02-01,Central,48.06,27.67,0.194,0.11,537.15,10.39,10.5,86.09,343.28
2021-02-02,North,47.7,27.28,0.216,0.161,546.5,10.96,10.55,88.44,351.7
2021-02-02,South,44.07,28.09,0.212,0.147,532.65,10.72,10.56,87.2,347.72
2021-02-02,East,39.54,28.21,0.176,0.158,537.94,10.7,10.29,86.23,340.7
2021-02-02,West,46.25,27.64,0.202,0.137,531.68,10.92,10.82,86.82,347.08
2021-02-02,Central,45.98,27.67,0.196,0.137,536.5,10.41,10.48,86.94,343.26
2021-02-03,North,47.52,27.36,0.236,0.148,541.75,10.78,10.77,88.31,350.43
2021-02-03,South,41.23,27.95,0.217,0.183,531.45,10.46,10.52,87.59,346.73
2021-02-03,East,38.63,28.15,0.181,0.148,543.68,10.74,10.54,86.15,339.29
2021-02-03,West,44.57,27.68,0.204,0.169,531.36,10.87,10.89,87.01,345.85
2021-02-03,Central,45.72,27.51,0.194,0.155,534.15,10.57,10.59,86.34,343.73
2021-02-04,North,46.02,27.5,0.205,0.136,548.87,10.78,10.82,88.32,351.53
2021-02-04,South,42.75,28.14,0.202,0.112,533.56,10.67,10.67,87.6,348.16
2021-02-04,East,39.59,28.33,0.17,0.099,538.07,10.68,10.77,86.16,340.56
2021-02-04,West,44.97,27.61,0.203,0.124,532.69,10.74,10.95,86.59,348.5
2021-02-04,Central,46.87,27.54,0.183,0.121,536.12,10.5,10.62,86.74,345.54
2021-02-05,North,47.13,27.62,0.228,0.143,545.75,10.79,10.79,88.35,352.0
2021-02-05,South,42.37,28.33,0.217,0.09,537.25,10.52,10.57,87.22,347.75
2021-02-05,East,37.92,28.45,0.18,0.116,542.96,10.76,10.71,86.1,340.99
2021-02-05,West,42.99,27.93,0.203,0.13,534.08,10.77,10.73,86.94,346.29
2021-02-05,Central,44.82,27.8,0.194,0.118,537.73,10.49,10.43,86.52,344.81
2021-02-06,North,47.7,27.72,0.277,0.138,544.79,10.99,10.92,88.58,352.99
2021-02-06,South,43.39,28.49,0.283,0.132,536.86,10.51,10.78,87.83,347.88
2021-02-06,East,39.01,28.48,0.23,0.098,538.75,11.0,10.78,85.84,342.24
2021-02-06,West,45.64,27.96,0.253,0.121,529.49,10.63,10.9,86.99,347.76
2021-02-06,Central,46.86,27.73,0.25,0.111,540.43,10.37,10.6,86.61,345.85
2021-02-07,North,51.15,27.45,0.277,0.146,545.65,10.91,10.94,88.63,353.17
2021-02-07,South,47.1,28.27,0.275,0.145,535.24,10.49,10.58,87.58,348.42
2021-02-07,East,42.18,28.38,0.244,0.114,539.03,10.56,10.55,86.38,342.59
2021-02-07,West,47.53,27.76,0.274,0.101,531.89,10.81,10.95,87.11,349.26
2021-02-07,Central,47.56,27.64,0.262,0.128,537.79,10.41,10.77,86.72,347.38
2021-02-08,North,48.69,27.41,0.305,0.129,544.13,11.15,10.83,88.59,354.08
2021-02-08,South,46.52,28.1,0.28,0.114,534.25,10.69,10.64,87.79,350.48
2021-02-08,East,41.17,28.45,0.274,0.11,541.6,10.53,10.59,86.42,342.83
2021-02-08,West,47.07,27.64,0.288,0.113,532.09,10.51,10.85,87.48,350.09
2021-02-08,Central,48.82,27.64,0.269,0.137,541.88,10.45,10.9,86.8,346.43
2021-02-09,North,49.34,27.5,0.33,0.162,544.3,10.72,10.93,88.84,354.9
2021-02-09,South,44.53,28.11,0.314,0.169,535.15,10.75,10.93,87.83,351.06
2021-02-09,East,42.29,28.42,0.252,0.128,536.58,10.75,10.41,86.9,343.78
2021-02-09,West,47.21,28.0,0.271,0.171,535.83,10.62,10.85,87.26,350.58
2021-02-09,Central,48.23,27.77,0.258,0.144,539.43,10.4,10.56,86.82,347.6
2021-02-10,North,47.9,27.79,0.286,0.185,546.78,10.73,10.76,88.71,353.7
2021-02-10,South,45.34,28.41,0.291,0.183,531.47,10.66,10.67,88.25,350.79
2021-02-10,East,42.58,28.54,0.233,0.165,541.65,10.75,10.71,86.63,344.8
2021-02-10,West,45.48,27.95,0.245,0.192,533.14,10.73,10.83,87.34,348.86
2021-02-10,Central,47.84,27.92,0.253,0.174,537.44,10.24,10.41,87.69,347.35
2021-02-11,North,49.09,27.88,0.262,0.156,543.94,10.74,10.96,88.61,353.31
2021-02-11,South,46.37,28.45,0.246,0.162,536.37,10.55,10.73,87.53,349.72
2021-02-11,East,41.29,28.58,0.221,0.156,537.8,10.64,10.7,85.9,343.01
2021-02-11,West,48.19,28.2,0.223,0.164,532.07,10.79,10.82,87.17,349.1
2021-02-11,Central,48.19,27.97,0.23,0.137,539.54,10.43,10.41,87.05,346.37
2021-02-12,North,49.47,27.73,0.288,0.196,546.24,10.92,10.82,88.87,354.47
2021-02-12,South,45.43,28.51,0.27,0.169,535.73,10.41,10.58,87.48,349.44
2021-02-12,East,41.19,28.77,0.264,0.167,540.73,10.42,10.6,87.07,343.98
2021-02-12,West,45.75,28.04,0.255,0.161,536.38,10.89,10.93,87.5,350.33
2021-02-12,Central,47.83,27.83,0.259,0.156,537.55,10.31,10.77,87.51,346.71
2021-02-13,North,48.33,27.75,0.275,0.189,546.89,10.84,10.76,88.74,353.76
2021-02-13,South,44.47,28.44,0.273,0.169,539.24,10.5,10.78,88.19,349.23
2021-02-13,East,40.94,28.6,0.233,0.184,539.92,10.66,10.32,86.56,343.67
2021-02-13,West,46.12,28.05,0.249,0.149,532.06,10.82,10.84,87.38,347.82
2021-02-13,Central,48.94,27.84,0.252,0.165,537.83,10.39,10.46,86.66,346.79
2021-02-14,North,50.4,27.85,0.277,0.161,547.46,10.75,10.8,88.74,355.14
2021-02-14,South,46.92,28.27,0.261,0.156,537.29,10.43,10.66,87.81,351.86
2021-02-14,East,41.88,28.64,0.239,0.157,541.05,10.66,10.53,86.55,344.68
2021-02-14,West,48.07,27.99,0.241,0.18,535.44,10.73,10.71,87.52,350.1
2021-02-14,Central,46.79,28.01,0.223,0.179,540.08,10.34,10.5,86.9,348.05
2021-02-15,North,49.97,27.83,0.267,0.198,544.82,10.73,10.83,88.82,355.12
2021-02-15,South,45.94,28.59,0.261,0.206,537.84,10.6,10.63,88.11,351.13
2021-02-15,East,42.29,28.8,0.23,0.188,540.47,10.68,10.73,86.96,344.41
2021-02-15,West,45.78,28.22,0.251,0.191,531.94,10.73,10.76,87.55,350.51
2021-02-15,Central,47.66,28.0,0.24,0.172,540.73,10.28,10.88,87.29,347.12
2021-02-16,North,48.37,27.91,0.253,0.177,549.55,10.71,10.88,89.32,354.52
2021-02-16,South,41.79,28.88,0.239,0.185,541.37,10.68,10.86,88.18,349.68
2021-02-16,East,39.64,28.82,0.232,0.17,541.62,10.65,10.4,86.97,342.71
2021-02-16,West,44.81,28.27,0.23,0.186,535.29,10.63,10.95,87.64,350.1
2021-02-16,Central,45.91,28.17,0.219,0.175,543.58,10.35,10.47,87.7,346.51
2021-02-17,North,44.81,28.06,0.256,0.158,550.88,10.62,10.77,89.4,353.67
2021-02-17,South,41.11,28.92,0.235,0.182,534.06,10.25,10.61,88.34,348.64
2021-02-17,East,38.83,28.98,0.223,0.157,542.82,10.71,10.67,86.83,342.32
2021-02-17,West,43.32,28.29,0.224,0.129,534.65,10.65,10.97,88.13,349.08
2021-02-17,Central,42.72,28.16,0.22,0.139,541.82,10.52,10.42,87.54,346.93
2021-02-18,North,41.89,28.21,0.238,0.16,549.37,10.79,10.48,88.94,353.4
2021-02-18,South,39.91,28.84,0.233,0.157,537.29,10.45,10.77,88.32,349.02
2021-02-18,East,36.44,29.12,0.193,0.161,542.58,10.6,10.45,87.27,342.45
2021-02-18,West,40.93,28.41,0.238,0.152,539.85,10.57,11.11,87.78,349.28
2021-02-18,Central,42.79,28.27,0.225,0.168,542.53,10.28,10.61,87.65,345.19
2021-02-19,North,41.01,28.2,0.241,0.181,546.98,10.7,10.81,89.02,353.54
2021-02-19,South,37.47,28.93,0.221,0.165,541.51,10.31,10.71,88.41,348.26
2021-02-19,East,33.51,28.97,0.193,0.151,545.22,10.53,10.53,87.03,341.99
2021-02-19,West,40.02,28.42,0.206,0.184,535.54,10.62,10.81,87.54,347.15
2021-02-19,Central,40.74,28.29,0.199,0.146,538.74,10.28,10.55,87.35,345.94
2021-02-20,North,44.57,28.3,0.217,0.165,550.19,10.67,10.89,89.13,353.1
2021-02-20,South,39.72,28.98,0.219,0.169,537.18,10.24,10.87,88.39,347.69
2021-02-20,East,35.2,29.2,0.174,0.167,540.23,10.5,10.62,86.97,341.51
2021-02-20,West,41.26,28.55,0.205,0.169,532.78,10.81,10.72,87.66,346.62
2021-02-20,Central,41.78,28.34,0.198,0.174,541.25,10.26,10.58,87.68,345.01
2021-02-21,North,45.1,28.2,0.232,0.179,546.92,10.8,10.68,89.16,352.87
2021-02-21,South,41.24,28.9,0.211,0.172,537.61,10.27,10.52,88.21,348.69
2021-02-21,East,38.96,29.2,0.181,0.157,548.09,10.65,10.55,86.78,340.17
2021-02-21,West,44.42,28.67,0.201,0.148,533.71,10.66,10.88,87.76,348.15
2021-02-21,Central,45.05,28.56,0.205,0.135,538.55,10.27,10.72,87.62,345.14
2021-02-22,North,45.95,28.07,0.249,0.154,555.16,10.61,11.03,89.21,353.21
2021-02-22,South,44.4,28.84,0.229,0.165,539.87,10.47,10.68,87.89,350.2
2021-02-22,East,39.02,29.03,0.202,0.139,540.65,10.46,10.54,87.18,343.04
2021-02-22,West,45.6,28.5,0.202,0.158,534.92,10.56,10.75,87.66,350.13
2021-02-22,Central,48.14,28.39,0.228,0.121,538.85,10.08,10.66,87.07,346.76
2021-02-23,North,45.2,28.09,0.228,0.158,549.46,10.83,10.77,88.87,352.94
2021-02-23,South,40.19,28.88,0.221,0.148,535.58,10.27,10.64,87.9,350.18
2021-02-23,East,39.85,28.98,0.186,0.155,543.8,10.36,10.58,87.1,343.45
2021-02-23,West,40.89,28.51,0.214,0.181,538.28,10.65,11.02,87.4,349.86
2021-02-23,Central,43.26,28.39,0.239,0.161,537.07,10.33,10.49,87.55,346.92
2021-02-24,North,47.18,28.02,0.255,0.162,549.36,10.74,10.72,88.88,354.23
2021-02-24,South,39.82,28.69,0.238,0.143,536.68,10.16,10.47,88.19,349.5
2021-02-24,East,37.65,28.95,0.199,0.157,543.56,10.58,10.68,86.78,341.9
2021-02-24,West,43.74,28.31,0.218,0.15,536.81,10.87,10.81,87.7,348.54
2021-02-24,Central,45.62,28.37,0.224,0.174,540.81,10.24,10.77,87.42,345.34
2021-02-25,North,47.18,28.06,0.269,0.18,546.39,10.7,10.78,89.07,354.59
2021-02-25,South,44.07,28.84,0.25,0.184,543.36,10.48,10.68,88.43,350.32
2021-02-25,East,42.65,28.93,0.212,0.169,543.62,10.29,10.53,86.82,344.06
2021-02-25,West,44.78,28.33,0.254,0.178,540.05,10.59,10.85,88.02,349.08
2021-02-25,Central,46.54,28.23,0.215,0.162,540.99,10.24,10.6,87.66,346.29
2021-02-26,North,45.81,28.0,0.254,0.175,549.68,10.72,10.79,88.87,355.06
2021-02-26,South,41.68,28.8,0.265,0.181,538.76,10.4,10.64,88.4,350.11
2021-02-26,East,37.67,28.9,0.228,0.157,545.63,10.51,10.51,87.24,343.16
2021-02-26,West,44.37,28.34,0.259,0.163,536.43,10.41,10.93,87.71,349.35
2021-02-26,Central,45.55,28.18,0.22,0.14,542.99,10.0,10.65,87.81,346.63
2021-02-27,North,46.21,28.34,0.279,0.152,545.54,10.63,10.94,89.1,353.2
2021-02-27,South,43.11,28.97,0.252,0.184,538.24,10.46,10.73,88.08,349.34
2021-02-27,East,39.36,29.22,0.226,0.118,545.59,10.48,10.53,87.06,342.36
2021-02-27,West,44.02,28.49,0.238,0.174,539.1,10.43,11.08,87.76,348.87
2021-02-27,Central,43.46,28.51,0.23,0.135,542.68,10.29,10.53,87.4,346.59
2021-02-28,North,42.84,28.18,0.276,0.162,550.81,10.57,10.5,88.85,351.9
2021-02-28,South,38.3,28.85,0.268,0.128,537.64,10.41,10.79,88.06,348.13
2021-02-28,East,34.47,28.91,0.228,0.133,542.91,10.33,10.53,87.02,340.53
2021-02-28,West,40.56,28.62,0.255,0.125,538.35,10.68,11.03,87.75,348.06
2021-02-28,Central,42.68,28.4,0.243,0.122,544.34,10.35,10.71,87.58,344.66
2021-03-01,North,41.7,28.11,0.284,0.084,552.28,10.46,10.65,89.19,353.0
2021-03-01,South,39.56,28.96,0.28,0.103,541.35,10.32,10.41,88.42,348.35
2021-03-01,East,35.49,29.23,0.26,0.077,542.81,10.37,10.75,87.25,342.03
2021-03-01,West,40.53,28.52,0.262,0.089,537.3,10.46,10.77,87.82,347.64
2021-03-01,Central,40.79,28.6,0.262,0.098,542.29,10.16,10.63,87.38,344.97
2021-03-02,North,39.75,28.04,0.288,0.097,550.81,10.74,10.92,89.38,351.93
2021-03-02,South,37.08,28.86,0.26,0.127,537.74,10.47,10.67,88.28,347.68
2021-03-02,East,35.81,29.2,0.244,0.084,545.04,10.39,10.65,87.4,339.72
2021-03-02,West,39.27,28.46,0.27,0.105,540.23,10.63,10.71,88.13,346.56
2021-03-02,Central,40.33,28.19,0.278,0.077,542.79,10.2,10.54,87.48,343.39
2021-03-03,North,42.96,28.01,0.284,0.085,555.22,10.51,10.73,89.67,350.93
2021-03-03,South,37.12,28.72,0.287,0.109,538.49,10.24,10.64,88.64,346.49
2021-03-03,East,34.29,28.95,0.256,0.086,544.54,10.39,10.37,87.63,339.29
2021-03-03,West,39.79,28.51,0.275,0.063,533.71,10.65,10.8,88.05,344.92
2021-03-03,Central,41.72,28.25,0.281,0.068,544.36,10.22,10.47,88.13,342.59
2021-03-04,North,39.72,28.28,0.285,0.114,551.76,10.57,10.84,89.67,349.23
2021-03-04,South,35.78,28.57,0.278,0.092,541.4,10.32,10.66,88.53,345.45
2021-03-04,East,32.87,29.14,0.25,0.091,547.23,10.37,10.59,87.35,338.89
2021-03-04,West,36.82,28.57,0.289,0.062,539.46,10.4,11.0,88.21,343.35
2021-03-04,Central,37.74,28.36,0.252,0.079,541.68,10.22,10.52,87.48,340.27
2021-03-05,North,40.87,28.31,0.284,0.115,554.5,10.69,10.98,90.16,347.67
2021-03-05,South,36.39,28.81,0.271,0.103,541.76,10.24,10.48,88.51,344.81
2021-03-05,East,32.96,29.25,0.233,0.095,544.95,10.51,10.35,87.04,338.36
2021-03-05,West,37.61,28.62,0.27,0.122,537.09,10.65,10.47,88.37,343.62
2021-03-05,Central,38.53,28.56,0.246,0.084,542.92,10.39,10.45,88.21,341.08
2021-03-06,North,40.5,28.52,0.289,0.117,554.59,10.58,10.39,89.39,348.14
2021-03-06,South,38.69,29.18,0.279,0.111,541.94,10.12,10.6,88.9,344.58
2021-03-06,East,35.06,29.33,0.257,0.087,546.74,10.48,10.48,87.65,337.81
2021-03-06,West,40.02,28.77,0.26,0.123,535.24,10.49,10.7,88.19,344.33
2021-03-06,Central,41.43,28.54,0.262,0.101,546.19,10.18,10.52,88.32,342.18
2021-03-07,North,40.32,28.57,0.288,0.103,553.86,10.59,10.22,89.95,348.55
2021-03-07,South,37.48,29.2,0.298,0.087,543.21,10.1,10.52,88.91,343.62
2021-03-07,East,34.77,29.44,0.274,0.089,542.28,10.19,10.45,87.52,337.12
2021-03-07,West,38.69,28.97,0.287,0.102,538.78,10.76,10.62,88.32,342.96
2021-03-07,Central,40.31,28.85,0.266,0.075,546.44,10.19,10.6,88.1,341.13
2021-03-08,North,38.25,28.52,0.31,0.088,552.81,10.63,10.73,90.03,346.62
2021-03-08,South,35.61,29.32,0.315,0.114,540.57,10.28,10.61,88.79,342.26
2021-03-08,East,31.71,29.29,0.268,0.065,546.12,10.32,10.55,88.2,336.01
2021-03-08,West,37.39,28.74,0.292,0.089,537.1,10.38,10.69,88.75,342.48
2021-03-08,Central,38.42,28.84,0.286,0.083,541.74,10.07,10.33,87.6,339.21
2021-03-09,North,36.0,28.59,0.314,0.142,548.06,10.56,10.75,90.0,346.17
2021-03-09,South,32.82,29.13,0.311,0.116,545.7,10.07,10.47,89.16,342.61
2021-03-09,East,29.24,29.32,0.291,0.113,543.94,10.38,10.46,88.0,336.49
2021-03-09,West,33.76,28.75,0.296,0.14,543.42,10.44,10.69,88.99,342.02
2021-03-09,Central,35.06,28.72,0.284,0.133,544.0,10.01,10.44,88.5,340.37
2021-03-10,North,35.59,28.65,0.316,0.172,552.83,10.57,10.61,90.09,349.53
2021-03-10,South,33.92,29.23,0.319,0.153,541.47,10.3,10.44,88.96,344.62
2021-03-10,East,27.11,29.53,0.266,0.158,545.66,10.23,10.32,87.65,338.3
2021-03-10,West,33.21,28.82,0.304,0.159,537.69,10.17,10.72,88.83,343.9
2021-03-10,Central,34.7,28.7,0.296,0.158,547.38,10.2,10.36,88.67,341.49
2021-03-11,North,36.36,28.58,0.324,0.189,554.62,10.54,10.52,89.81,347.41
2021-03-11,South,31.47,29.45,0.317,0.188,539.34,10.16,10.35,88.97,343.3
2021-03-11,East,29.11,29.35,0.283,0.175,548.15,10.3,10.32,88.09,337.43
2021-03-11,West,34.88,28.98,0.328,0.153,538.36,10.4,10.71,88.48,343.15
2021-03-11,Central,33.69,28.89,0.288,0.16,545.02,10.0,10.39,88.28,340.1
2021-03-12,North,33.61,28.56,0.345,0.185,555.3,10.56,10.68,90.17,348.29
2021-03-12,South,28.76,29.18,0.338,0.179,542.16,10.03,10.51,89.51,343.86
2021-03-12,East,25.92,29.38,0.302,0.178,547.54,10.22,10.27,88.11,336.94
2021-03-12,West,31.54,28.87,0.329,0.17,540.84,10.31,10.56,89.18,343.69
2021-03-12,Central,32.11,28.45,0.32,0.172,544.69,9.87,10.0,88.38,341.06
2021-03-13,North,33.74,28.08,0.344,0.164,556.41,10.45,10.51,90.43,347.94
2021-03-13,South,31.34,29.02,0.358,0.165,541.21,10.13,10.53,89.26,344.9
2021-03-13,East,28.79,29.16,0.328,0.135,547.51,10.19,10.33,87.96,337.37
2021-03-13,West,32.97,28.71,0.332,0.144,540.03,10.41,10.54,89.26,343.85
2021-03-13,Central,32.85,28.49,0.331,0.148,547.0,10.19,10.33,88.7,341.09
2021-03-14,North,34.56,28.27,0.367,0.184,551.05,10.38,10.47,89.93,347.27
2021-03-14,South,30.51,29.02,0.338,0.17,541.24,10.18,10.27,88.99,344.4
2021-03-14,East,26.99,29.04,0.318,0.157,547.11,10.45,10.11,88.19,335.51
2021-03-14,West,30.36,28.68,0.366,0.163,542.19,10.49,10.55,88.82,342.64
2021-03-14,Central,32.82,28.53,0.323,0.169,542.81,10.02,10.31,88.27,340.39
2021-03-15,North,32.77,28.49,0.378,0.169,553.63,10.32,10.53,90.16,347.86
2021-03-15,South,30.26,29.21,0.364,0.152,542.18,9.98,10.54,89.17,346.05
2021-03-15,East,25.85,29.2,0.355,0.147,547.26,10.38,10.21,87.69,337.33
2021-03-15,West,31.3,28.72,0.373,0.158,536.86,10.06,10.93,88.88,344.41
2021-03-15,Central,30.66,28.59,0.344,0.177,546.04,9.96,10.13,88.33,341.31
2021-03-16,North,32.41,28.59,0.372,0.178,553.35,10.28,10.51,90.31,348.65
2021-03-16,South,28.1,29.06,0.358,0.172,542.45,10.03,10.59,89.4,343.39
2021-03-16,East,24.7,29.18,0.36,0.169,550.07,10.23,10.23,87.7,338.03
2021-03-16,West,30.37,28.71,0.38,0.167,542.49,10.14,10.88,88.74,344.45
2021-03-16,Central,31.13,28.69,0.362,0.174,543.4,9.95,10.27,88.32,342.15
2021-03-17,North,34.58,28.6,0.399,0.137,551.7,10.46,10.57,90.0,350.17
2021-03-17,South,30.21,29.31,0.381,0.161,541.03,10.3,10.21,89.22,345.57
2021-03-17,East,27.16,29.42,0.352,0.151,545.93,10.09,10.38,87.93,338.94
2021-03-17,West,34.61,28.9,0.384,0.143,540.87,10.25,10.48,88.43,344.83
2021-03-17,Central,33.59,28.79,0.351,0.128,549.15,10.06,10.14,88.51,343.16
2021-03-18,North,33.2,28.57,0.422,0.132,552.61,10.27,10.33,90.02,347.58
2021-03-18,South,32.74,29.21,0.377,0.133,541.74,10.07,10.25,88.88,345.59
2021-03-18,East,27.75,29.47,0.346,0.136,545.09,10.23,10.39,87.79,337.44
2021-03-18,West,33.55,28.85,0.374,0.15,541.4,10.31,10.51,89.19,344.96
2021-03-18,Central,34.83,28.79,0.355,0.153,545.31,9.94,10.19,88.1,342.51
2021-03-19,North,35.66,28.62,0.397,0.147,548.85,10.22,10.31,89.66,350.17
2021-03-19,South,31.38,29.34,0.401,0.14,541.84,10.09,10.43,89.14,345.79
2021-03-19,East,27.69,29.34,0.368,0.11,549.8,10.25,10.11,87.69,340.06
2021-03-19,West,33.39,28.98,0.378,0.137,540.38,10.21,10.49,89.08,344.92
2021-03-19,Central,33.27,28.69,0.368,0.131,545.6,9.8,10.28,88.05,342.45
2021-03-20,North,37.93,28.65,0.386,0.18,554.32,10.55,10.35,90.0,348.93
2021-03-20,South,32.86,29.45,0.371,0.15,544.47,10.24,10.2,88.96,343.51
2021-03-20,East,28.55,29.64,0.352,0.143,546.1,10.37,10.0,88.12,337.1
2021-03-20,West,35.82,28.81,0.374,0.141,538.26,10.09,10.76,88.4,342.9
2021-03-20,Central,33.91,28.89,0.344,0.153,546.12,9.93,10.18,88.16,340.5
2021-03-21,North,33.92,28.6,0.387,0.154,555.36,10.46,10.24,89.76,347.28
2021-03-21,South,29.52,29.53,0.382,0.159,542.05,10.01,10.39,89.25,343.58
2021-03-21,East,28.25,29.61,0.369,0.159,551.92,10.31,10.07,88.14,336.85
2021-03-21,West,31.58,29.11,0.379,0.145,541.3,10.24,10.51,88.43,343.16
2021-03-21,Central,33.58,28.87,0.383,0.143,545.96,9.98,10.17,88.82,339.79
2021-03-22,North,36.16,28.69,0.431,0.128,551.86,10.2,10.11,90.11,348.0
2021-03-22,South,31.04,29.53,0.43,0.131,544.11,10.22,10.27,89.52,342.93
2021-03-22,East,29.08,29.72,0.397,0.12,547.02,10.1,10.08,88.23,337.2
2021-03-22,West,32.81,29.12,0.406,0.131,539.22,10.23,10.64,89.36,343.48
2021-03-22,Central,32.25,28.95,0.406,0.122,548.6,9.76,10.17,88.43,340.32
2021-03-23,North,35.55,28.73,0.424,0.126,552.08,10.37,10.42,90.15,346.93
2021-03-23,South,31.54,29.35,0.404,0.101,543.61,9.99,10.03,89.6,342.35
2021-03-23,East,27.07,29.56,0.382,0.086,548.84,10.15,10.22,87.88,337.53
2021-03-23,West,31.2,28.82,0.422,0.113,541.09,10.29,10.47,88.92,341.69
2021-03-23,Central,34.22,28.94,0.409,0.123,546.07,9.79,10.32,88.23,340.15
2021-03-24,North,33.4,28.64,0.43,0.151,554.5,10.23,10.26,90.1,347.56
2021-03-24,South,31.44,29.35,0.41,0.117,545.26,10.08,10.16,89.39,343.2
2021-03-24,East,26.83,29.71,0.365,0.132,549.88,10.15,9.97,87.96,336.31
2021-03-24,West,31.72,29.08,0.386,0.143,540.75,10.17,10.26,88.76,343.74
2021-03-24,Central,33.22,28.88,0.395,0.137,544.53,9.9,10.22,88.88,339.48
2021-03-25,North,35.1,28.62,0.431,0.215,551.93,10.47,10.26,90.51,349.4
2021-03-25,South,30.84,29.24,0.412,0.189,542.03,9.83,10.24,89.53,344.31
2021-03-25,East,27.49,29.51,0.367,0.174,544.02,10.28,10.06,87.88,336.72
2021-03-25,West,32.85,29.02,0.395,0.194,542.25,10.24,10.33,89.0,344.59
2021-03-25,Central,33.26,28.95,0.397,0.184,546.29,10.2,10.26,89.04,340.89
2021-03-26,North,32.9,28.7,0.4,0.17,554.23,10.17,10.28,89.95,348.7
2021-03-26,South,31.02,29.27,0.382,0.209,538.97,10.03,10.06,89.2,343.42
2021-03-26,East,24.84,29.35,0.358,0.177,549.9,10.14,10.17,87.8,336.36
2021-03-26,West,31.28,28.88,0.374,0.197,539.51,10.11,10.39,88.91,342.58
2021-03-26,Central,31.01,28.68,0.368,0.194,546.06,10.02,10.09,88.41,339.1
2021-03-27,North,33.04,28.54,0.416,0.174,555.56,10.55,10.12,90.58,349.79
2021-03-27,South,30.07,29.3,0.425,0.156,542.34,9.91,9.83,89.38,344.59
2021-03-27,East,27.02,29.43,0.369,0.152,548.58,10.04,10.0,87.83,338.8
2021-03-27,West,31.88,28.93,0.408,0.144,537.58,10.3,10.39,88.75,344.76
2021-03-27,Central,33.67,28.92,0.387,0.129,542.98,9.85,10.18,88.32,341.57
2021-03-28,North,33.77,28.54,0.409,0.126,555.82,10.26,10.48,89.76,349.13
2021-03-28,South,29.88,29.4,0.396,0.125,540.83,9.97,10.09,88.77,345.53
2021-03-28,East,27.31,29.47,0.363,0.118,546.94,10.07,9.98,88.02,337.32
2021-03-28,West,32.24,28.95,0.392,0.128,542.66,10.21,10.27,88.72,343.4
2021-03-28,Central,33.2,28.8,0.374,0.135,547.31,10.09,9.91,88.5,339.53
2021-03-29,North,28.21,28.69,0.39,0.151,552.44,10.17,10.1,90.21,346.27
2021-03-29,South,25.18,29.32,0.398,0.153,539.01,10.09,9.99,89.23,342.34
2021-03-29,East,24.82,29.56,0.361,0.122,547.22,9.88,10.13,88.01,335.78
2021-03-29,West,27.54,28.85,0.389,0.124,542.91,10.15,10.15,88.75,343.45
2021-03-29,Central,27.87,28.72,0.379,0.135,544.1,9.98,10.08,88.45,339.21
2021-03-30,North,31.74,28.68,0.36,0.186,557.11,10.22,10.18,90.24,348.79
2021-03-30,South,25.92,29.54,0.36,0.171,541.72,10.16,10.23,88.9,343.43
2021-03-30,East,24.3,29.56,0.331,0.161,545.93,9.73,9.74,87.53,336.55
2021-03-30,West,28.51,29.03,0.341,0.148,538.48,10.08,10.16,88.76,342.3
2021-03-30,Central,29.99,28.89,0.352,0.153,547.81,9.71,9.93,88.17,339.61
2021-03-31,North,28.35,28.79,0.353,0.138,551.1,10.06,10.02,89.8,345.16
2021-03-31,South,21.31,29.48,0.345,0.14,540.01,9.89,10.05,88.91,341.17
2021-03-31,East,20.59,29.57,0.325,0.12,549.98,9.99,9.84,88.18,335.31
2021-03-31,West,24.69,29.04,0.351,0.128,541.92,10.23,10.14,88.81,340.41
2021-03-31,Central,24.9,28.9,0.325,0.135,547.65,9.92,9.97,88.42,337.78
2021-04-01,North,26.69,28.93,0.321,0.123,551.68,10.35,10.29,89.23,345.55
2021-04-01,South,23.18,29.6,0.33,0.144,543.16,9.76,9.98,89.05,340.14
2021-04-01,East,19.21,29.85,0.289,0.099,546.96,10.04,9.65,87.44,332.32
2021-04-01,West,25.34,29.15,0.303,0.131,546.44,10.29,10.2,88.79,338.82
2021-04-01,Central,25.29,28.97,0.309,0.13,544.6,9.84,9.91,88.04,336.93
2021-04-02,North,28.47,28.83,0.347,0.127,555.08,10.33,10.14,89.54,345.36
2021-04-02,South,24.3,29.52,0.326,0.142,544.31,10.04,10.09,88.9,340.84
2021-04-02,East,21.07,29.94,0.292,0.124,548.03,10.19,9.89,87.63,335.19
2021-04-02,West,25.69,29.07,0.316,0.096,542.49,10.04,10.27,88.6,340.76
2021-04-02,Central,26.53,29.06,0.316,0.128,545.65,9.72,9.72,88.13,337.38
2021-04-03,North,27.65,28.85,0.383,0.149,554.86,10.43,10.13,90.37,345.15
2021-04-03,South,23.85,29.43,0.386,0.148,545.17,9.59,10.09,89.3,340.74
2021-04-03,East,21.02,29.82,0.351,0.137,548.61,9.82,9.82,87.54,335.51
2021-04-03,West,24.75,29.27,0.361,0.124,539.84,10.14,10.09,88.86,341.61
2021-04-03,Central,25.86,29.15,0.371,0.148,548.85,9.77,9.75,88.18,337.75
2021-04-04,North,26.55,28.87,0.393,0.127,553.67,10.17,9.94,90.22,344.46
2021-04-04,South,22.11,29.58,0.376,0.135,541.07,9.99,9.95,89.11,340.35
2021-04-04,East,19.76,29.8,0.329,0.129,547.79,9.92,9.75,87.72,332.5
2021-04-04,West,25.57,29.22,0.344,0.111,542.25,10.07,10.22,88.81,339.41
2021-04-04,Central,22.64,29.05,0.338,0.129,548.13,9.95,9.87,87.95,336.41
2021-04-05,North,25.93,28.79,0.367,0.094,551.12,10.16,9.99,90.12,343.12
2021-04-05,South,20.53,29.38,0.347,0.099,541.28,9.74,10.06,88.62,339.99
2021-04-05,East,16.94,29.43,0.323,0.077,545.1,10.02,9.8,87.61,331.66
2021-04-05,West,21.94,28.98,0.357,0.084,539.98,10.0,10.3,88.19,338.58
2021-04-05,Central,22.19,28.86,0.315,0.086,544.0,9.8,10.0,88.17,334.53
2021-04-06,North,26.18,28.47,0.363,0.109,554.34,10.36,9.97,89.6,344.28
2021-04-06,South,22.65,29.34,0.354,0.109,542.29,9.6,9.94,89.21,340.2
2021-04-06,East,19.64,29.38,0.329,0.088,547.95,9.96,9.79,87.89,333.31
2021-04-06,West,24.28,28.78,0.342,0.09,537.48,10.05,10.12,88.48,338.86
2021-04-06,Central,26.71,28.77,0.332,0.078,545.53,9.98,9.63,88.32,336.92
2021-04-07,North,24.07,28.23,0.36,0.123,552.4,10.07,9.9,89.81,341.55
2021-04-07,South,20.78,29.09,0.332,0.1,545.11,9.81,9.8,89.1,337.89
2021-04-07,East,17.16,29.28,0.305,0.103,543.26,10.08,9.72,87.84,331.18
2021-04-07,West,21.7,28.76,0.338,0.105,538.35,10.03,9.96,88.91,337.19
2021-04-07,Central,22.46,28.56,0.326,0.111,546.24,9.75,9.58,87.78,334.34
2021-04-08,North,25.5,28.39,0.385,0.119,556.38,10.26,10.05,89.81,342.34
2021-04-08,South,22.07,29.14,0.369,0.098,546.5,9.73,9.58,89.2,336.73
2021-04-08,East,21.13,29.16,0.329,0.083,547.72,9.82,9.82,87.7,331.92
2021-04-08,West,26.17,28.55,0.358,0.108,540.08,9.96,9.93,88.57,338.97
2021-04-08,Central,22.91,28.5,0.331,0.116,545.16,9.71,9.86,88.18,335.13
2021-04-09,North,26.39,28.39,0.363,0.121,555.27,10.2,9.88,89.8,342.75
2021-04-09,South,21.52,29.19,0.351,0.131,542.86,9.79,9.81,89.13,337.47
2021-04-09,East,20.0,29.44,0.333,0.12,547.65,9.99,9.82,87.97,331.39
2021-04-09,West,25.63,28.8,0.342,0.112,540.2,9.97,9.76,88.9,336.48
2021-04-09,Central,23.59,28.66,0.344,0.099,543.36,9.73,9.61,88.04,334.35
2021-04-10,North,23.42,28.45,0.347,0.109,554.67,10.27,9.75,89.7,341.29
2021-04-10,South,19.27,29.24,0.339,0.109,541.44,9.71,9.8,89.24,335.5
2021-04-10,East,16.64,29.4,0.32,0.108,548.24,9.86,9.76,87.6,330.02
2021-04-10,West,22.93,28.67,0.323,0.087,537.77,9.99,9.79,88.28,335.5
2021-04-10,Central,22.27,28.7,0.314,0.097,548.96,9.68,9.67,88.44,333.54
2021-04-11,North,23.0,28.42,0.357,0.072,552.3,10.26,10.01,89.98,339.15
2021-04-11,South,18.91,28.99,0.341,0.068,542.05,10.0,9.8,89.13,335.59
2021-04-11,East,15.41,29.16,0.296,0.069,548.31,9.77,9.67,88.13,330.41
2021-04-11,West,21.36,28.75,0.34,0.094,536.53,10.16,9.89,88.45,335.59
2021-04-11,Central,21.52,28.61,0.32,0.08,545.98,9.73,9.61,88.41,333.47
2021-04-12,North,22.65,28.67,0.373,0.116,558.85,10.22,9.82,89.9,340.31
2021-04-12,South,18.72,29.27,0.346,0.115,539.71,9.57,9.71,88.93,335.68
2021-04-12,East,14.58,29.44,0.324,0.079,546.41,9.87,9.75,88.17,329.37
2021-04-12,West,20.1,28.91,0.348,0.101,543.14,9.74,9.9,88.86,335.62
2021-04-12,Central,20.09,28.72,0.341,0.082,541.98,9.77,9.68,88.24,332.36
2021-04-13,North,25.03,28.58,0.342,0.091,552.18,10.05,9.75,89.88,343.06
2021-04-13,South,20.44,29.31,0.351,0.105,539.85,9.63,9.55,88.86,338.45
2021-04-13,East,17.0,29.37,0.31,0.077,546.18,9.72,9.68,87.58,331.97
2021-04-13,West,21.57,28.85,0.357,0.08,543.0,10.16,10.0,88.48,338.48
2021-04-13,Central,22.3,28.76,0.325,0.088,543.54,9.79,9.51,88.06,334.03
2021-04-14,North,24.13,28.71,0.338,0.113,555.49,10.1,9.85,89.66,341.08
2021-04-14,South,20.66,29.47,0.348,0.125,540.69,9.66,9.62,88.47,337.12
2021-04-14,East,17.23,29.71,0.323,0.09,551.6,9.76,9.57,87.41,330.06
2021-04-14,West,23.59,29.12,0.34,0.089,541.68,9.83,9.73,88.47,336.9
2021-04-14,Central,24.81,28.91,0.329,0.117,542.99,9.82,9.81,87.86,333.18
2021-04-15,North,22.11,28.51,0.366,0.14,552.07,9.95,9.61,89.67,340.85
2021-04-15,South,19.09,29.49,0.344,0.132,540.12,9.63,9.5,88.84,336.69
2021-04-15,East,15.65,29.6,0.303,0.106,547.91,9.8,9.67,87.24,330.6
2021-04-15,West,20.77,29.06,0.334,0.137,544.1,9.98,9.95,88.31,335.89
2021-04-15,Central,22.67,28.73,0.306,0.134,546.13,9.74,9.5,87.69,334.09
2021-04-16,North,21.03,28.61,0.346,0.102,551.24,9.99,9.89,88.86,341.19
2021-04-16,South,18.38,29.26,0.309,0.13,542.48,9.63,9.61,88.58,336.4
2021-04-16,East,15.14,29.57,0.272,0.087,548.44,9.74,9.62,87.29,329.35
2021-04-16,West,18.58,29.03,0.299,0.116,543.89,10.19,9.85,88.29,335.94
2021-04-16,Central,21.42,28.93,0.305,0.102,546.27,9.51,9.5,87.63,332.37
2021-04-17,North,20.69,28.42,0.33,0.097,554.26,10.03,9.69,89.26,340.95
2021-04-17,South,16.68,29.24,0.32,0.082,541.09,9.64,9.59,88.74,336.42
2021-04-17,East,15.16,29.57,0.312,0.082,548.23,9.75,9.62,87.2,328.81
2021-04-17,West,17.94,28.97,0.317,0.075,542.4,10.06,9.89,88.5,335.44
2021-04-17,Central,20.74,28.93,0.293,0.081,544.84,9.57,9.32,87.86,332.23
2021-04-18,North,23.01,28.34,0.298,0.084,546.85,9.89,9.68,88.91,341.65
2021-04-18,South,19.78,29.35,0.305,0.103,540.02,9.74,9.72,88.22,336.87
2021-04-18,East,14.98,29.49,0.254,0.066,547.96,9.82,9.63,86.87,329.79
2021-04-18,West,20.6,28.89,0.279,0.062,540.64,10.08,9.68,88.15,336.43
2021-04-18,Central,21.51,28.6,0.266,0.075,545.9,9.81,9.33,87.43,333.37
2021-04-19,North,21.38,28.58,0.299,0.057,553.01,9.83,9.69,89.4,340.39
2021-04-19,South,16.82,29.39,0.29,0.08,542.9,9.67,9.61,88.03,335.74
2021-04-19,East,15.05,29.64,0.26,0.076,547.99,9.75,9.34,87.34,329.74
2021-04-19,West,21.24,29.12,0.267,0.053,534.24,9.99,9.86,87.77,335.09
2021-04-19,Central,20.46,28.87,0.277,0.067,546.3,9.56,9.63,87.63,332.08
2021-04-20,North,25.01,28.61,0.317,0.094,556.19,9.77,9.81,89.14,342.35
2021-04-20,South,18.79,29.21,0.297,0.098,541.45,9.59,9.49,88.49,338.29
2021-04-20,East,19.43,29.23,0.274,0.078,546.0,9.76,9.49,86.81,330.59
2021-04-20,West,20.51,28.89,0.296,0.076,537.95,10.1,9.65,87.63,336.72
2021-04-20,Central,22.91,28.64,0.284,0.079,544.62,9.48,9.54,87.49,333.88
2021-04-21,North,23.6,28.71,0.328,0.097,555.34,10.04,9.65,89.06,340.87
2021-04-21,South,20.36,29.11,0.309,0.088,541.53,9.73,9.38,87.94,335.65
2021-04-21,East,16.02,29.48,0.268,0.067,545.92,9.58,9.75,86.88,329.44
2021-04-21,West,21.56,28.83,0.295,0.088,539.61,10.07,9.69,87.85,336.93
2021-04-21,Central,23.89,28.88,0.284,0.068,539.81,9.53,9.58,87.46,333.72
2021-04-22,North,21.47,28.78,0.319,0.053,550.41,10.01,9.66,89.02,340.3
2021-04-22,South,15.85,29.34,0.32,0.055,539.46,9.63,9.5,88.45,335.49
2021-04-22,East,13.83,29.57,0.28,0.042,546.24,9.74,9.47,86.69,330.21
2021-04-22,West,19.72,28.92,0.31,0.052,540.95,9.88,9.79,87.62,335.33
2021-04-22,Central,19.31,28.73,0.314,0.017,547.05,9.44,9.57,86.83,333.13
2021-04-23,North,21.47,28.72,0.321,0.034,549.9,10.09,9.57,88.84,339.33
2021-04-23,South,17.2,29.2,0.31,0.056,540.39,9.44,9.46,88.2,335.17
2021-04-23,East,14.64,29.5,0.282,0.038,545.59,9.84,9.45,86.64,327.44
2021-04-23,West,18.16,28.99,0.305,0.076,541.15,10.02,9.65,87.91,334.2
2021-04-23,Central,21.65,28.83,0.292,0.043,542.74,9.63,9.34,87.44,330.82
2021-04-24,North,19.17,28.5,0.349,0.058,551.35,9.87,9.49,89.08,338.61
2021-04-24,South,16.06,29.14,0.348,0.053,540.94,9.65,9.25,87.82,335.21
2021-04-24,East,11.31,29.3,0.31,0.042,546.71,9.63,9.4,86.91,328.11
2021-04-24,West,17.03,28.79,0.322,0.062,541.89,9.97,9.73,87.71,334.33
2021-04-24,Central,17.54,28.51,0.31,0.042,547.25,9.67,9.31,87.49,331.47
2021-04-25,North,18.78,28.56,0.366,0.069,554.33,9.68,9.73,89.04,339.08
2021-04-25,South,13.7,29.04,0.357,0.064,542.73,9.61,9.61,88.25,334.27
2021-04-25,East,12.49,29.41,0.319,0.053,550.81,9.84,9.48,87.04,328.66
2021-04-25,West,14.09,28.86,0.338,0.063,538.3,9.78,9.49,87.32,335.04
2021-04-25,Central,14.88,28.74,0.318,0.07,543.74,9.65,9.51,87.03,331.43
2021-04-26,North,17.33,28.44,0.344,0.069,550.89,9.92,9.69,88.98,339.3
2021-04-26,South,15.12,29.15,0.347,0.068,544.96,9.31,9.24,88.23,334.76
2021-04-26,East,10.63,29.26,0.309,0.069,548.59,9.89,9.17,86.52,327.29
2021-04-26,West,16.96,28.88,0.339,0.071,539.06,9.65,9.73,87.59,333.71
2021-04-26,Central,17.2,28.72,0.331,0.062,545.95,9.52,9.26,87.34,331.78
2021-04-27,North,17.96,28.58,0.364,0.091,548.58,9.86,9.52,89.24,338.37
2021-04-27,South,11.45,29.28,0.356,0.068,545.98,9.5,9.46,88.29,333.15
2021-04-27,East,10.4,29.39,0.331,0.035,544.9,9.8,9.42,87.11,326.92
2021-04-27,West,14.99,28.94,0.366,0.073,534.94,9.88,9.6,87.56,332.99
2021-04-27,Central,15.56,28.87,0.356,0.063,542.18,9.64,9.34,87.28,330.29
2021-04-28,North,14.6,28.53,0.365,0.078,551.05,9.87,9.71,88.98,337.06
2021-04-28,South,9.82,29.49,0.366,0.075,540.34,9.57,9.55,88.32,333.84
2021-04-28,East,7.4,29.55,0.342,0.078,543.67,9.96,9.27,86.82,325.85
2021-04-28,West,13.09,28.77,0.381,0.068,539.59,9.79,9.76,88.3,333.51
2021-04-28,Central,13.69,28.75,0.354,0.069,541.7,9.37,9.47,87.63,329.85
2021-04-29,North,15.48,28.81,0.351,0.07,555.78,9.89,9.39,89.13,338.66
2021-04-29,South,10.56,29.28,0.354,0.051,540.91,9.54,9.42,88.13,333.29
2021-04-29,East,6.78,29.57,0.336,0.058,545.61,9.53,9.28,87.07,327.23
2021-04-29,West,10.05,29.05,0.341,0.06,536.93,9.7,9.72,87.72,333.62
2021-04-29,Central,13.13,28.86,0.318,0.055,541.65,9.61,9.37,87.55,330.22
2021-04-30,North,11.46,28.68,0.347,0.078,552.42,9.8,9.49,88.94,339.67
2021-04-30,South,8.64,29.56,0.335,0.055,541.58,9.49,9.31,88.36,334.39
2021-04-30,East,6.89,29.74,0.309,0.041,551.99,9.67,9.18,86.88,328.76
2021-04-30,West,9.73,28.96,0.335,0.043,538.37,9.87,9.52,87.34,333.13
2021-04-30,Central,11.64,29.01,0.307,0.028,543.05,9.57,9.21,87.11,330.58
2021-05-01,North,12.5,28.62,0.369,0.061,551.33,9.93,9.58,88.81,340.6
2021-05-01,South,8.41,29.35,0.344,0.058,543.49,9.46,9.49,88.21,335.58
2021-05-01,East,4.88,29.54,0.315,0.043,543.79,9.79,9.39,86.77,327.94
2021-05-01,West,10.79,28.98,0.312,0.053,539.74,9.45,9.62,87.85,334.79
2021-05-01,Central,10.9,28.92,0.308,0.022,545.62,9.51,9.44,87.16,332.25
2021-05-02,North,10.97,28.57,0.355,0.056,554.63,9.79,9.38,88.67,338.01
2021-05-02,South,8.44,29.57,0.355,0.041,540.27,9.6,9.33,87.92,334.05
2021-05-02,East,4.8,29.56,0.306,0.032,545.84,9.6,9.19,86.71,327.26
2021-05-02,West,10.75,28.99,0.321,0.064,538.13,9.77,9.5,87.79,333.72
2021-05-02,Central,10.24,28.86,0.321,0.038,543.62,9.41,9.2,86.98,330.82
2021-05-03,North,12.0,28.77,0.375,0.079,551.87,9.79,9.27,88.91,338.8
2021-05-03,South,6.89,29.35,0.358,0.06,538.68,9.69,9.18,88.05,334.1
2021-05-03,East,4.22,29.57,0.317,0.066,547.81,9.71,9.4,86.57,328.0
2021-05-03,West,10.19,29.07,0.365,0.082,539.9,10.02,9.59,87.65,334.48
2021-05-03,Central,10.46,28.86,0.32,0.058,542.87,9.52,9.41,87.06,332.92
2021-05-04,North,15.59,28.91,0.333,0.093,553.03,9.81,9.48,88.86,339.74
2021-05-04,South,12.64,29.59,0.35,0.094,543.06,9.34,9.25,88.42,336.8
2021-05-04,East,8.32,29.78,0.301,0.084,545.33,9.6,9.13,86.71,329.38
2021-05-04,West,14.51,29.12,0.351,0.114,539.23,9.66,9.56,87.62,335.78
2021-05-04,Central,12.54,29.21,0.316,0.095,541.24,9.36,9.34,87.41,332.12
2021-05-05,North,15.08,28.89,0.317,0.088,548.81,9.93,9.42,88.63,339.23
2021-05-05,South,13.62,29.75,0.314,0.122,540.48,9.48,9.41,87.94,337.05
2021-05-05,East,9.42,29.94,0.288,0.096,542.84,9.6,9.61,85.95,329.46
2021-05-05,West,13.73,29.32,0.311,0.097,537.25,9.71,9.5,87.83,334.84
2021-05-05,Central,14.33,29.24,0.312,0.1,543.59,9.26,9.17,87.39,331.81
2021-05-06,North,15.83,29.08,0.347,0.098,548.64,9.69,9.38,88.76,339.17
2021-05-06,South,12.66,29.64,0.316,0.109,541.22,9.47,9.38,88.31,334.85
2021-05-06,East,10.21,29.85,0.286,0.083,543.37,9.49,9.22,86.76,329.01
2021-05-06,West,14.99,29.4,0.315,0.068,538.31,9.4,9.32,87.43,334.78
2021-05-06,Central,17.07,29.19,0.312,0.088,545.34,9.56,9.31,86.93,331.76
2021-05-07,North,14.26,29.07,0.323,0.092,550.9,9.52,9.29,88.54,338.05
2021-05-07,South,10.05,29.85,0.316,0.074,538.31,9.43,9.31,87.83,334.15
2021-05-07,East,6.73,30.14,0.278,0.092,545.15,9.45,9.28,86.77,328.01
2021-05-07,West,13.25,29.51,0.301,0.086,536.71,9.7,9.74,87.43,332.9
2021-05-07,Central,14.78,29.28,0.309,0.087,541.7,9.39,9.13,87.06,330.11
2021-05-08,North,13.28,28.99,0.27,0.06,548.39,9.72,9.44,88.87,337.4
2021-05-08,South,10.31,29.74,0.301,0.064,539.75,9.53,9.05,88.17,334.13
2021-05-08,East,5.59,29.93,0.275,0.036,545.26,9.39,9.51,86.1,326.59
2021-05-08,West,11.82,29.14,0.278,0.068,536.34,9.79,9.42,87.18,332.65
2021-05-08,Central,13.19,29.25,0.28,0.052,543.51,9.24,9.28,87.24,328.94
2021-05-09,North,15.37,28.96,0.322,0.063,550.19,9.79,9.34,88.47,335.89
2021-05-09,South,11.17,29.74,0.288,0.053,541.31,9.56,9.22,87.09,333.05
2021-05-09,East,8.32,29.75,0.276,0.048,547.48,9.69,9.44,86.81,326.48
2021-05-09,West,11.6,29.22,0.312,0.045,539.45,9.57,9.65,86.81,331.75
2021-05-09,Central,14.18,29.11,0.288,0.026,543.31,9.49,9.51,87.08,328.9
2021-05-10,North,15.33,28.69,0.285,0.052,546.55,9.62,9.5,88.47,334.19
2021-05-10,South,8.27,29.54,0.281,0.05,537.87,9.55,9.37,87.91,330.81
2021-05-10,East,6.43,29.71,0.24,0.053,542.79,9.6,9.12,85.87,324.59
2021-05-10,West,11.59,29.12,0.243,0.046,537.32,9.52,9.37,87.16,330.9
2021-05-10,Central,11.89,29.03,0.249,0.048,539.45,9.33,9.39,86.47,328.54
2021-05-11,North,15.42,28.87,0.26,0.065,549.21,9.43,9.41,88.31,336.39
2021-05-11,South,11.38,29.37,0.263,0.047,535.53,9.57,9.3,87.58,330.95
2021-05-11,East,9.08,29.63,0.222,0.018,538.81,9.7,9.25,86.26,325.67
2021-05-11,West,13.33,29.09,0.248,0.059,536.75,9.84,9.34,86.61,332.05
2021-05-11,Central,16.46,28.88,0.247,0.056,543.35,9.21,9.03,86.92,327.8
2021-05-12,North,14.75,28.7,0.283,0.062,550.31,9.68,9.59,88.44,335.81
2021-05-12,South,11.32,29.22,0.254,0.057,539.85,9.31,9.44,87.31,331.48
2021-05-12,East,6.17,29.55,0.253,0.013,543.95,9.51,9.16,86.09,324.69
2021-05-12,West,12.65,28.96,0.268,0.051,535.43,9.57,9.55,86.79,331.87
2021-05-12,Central,13.48,28.78,0.24,0.053,540.21,9.18,9.42,86.58,328.98
2021-05-13,North,14.13,28.69,0.308,0.08,551.42,9.69,9.67,88.29,336.13
2021-05-13,South,8.69,29.22,0.296,0.063,539.52,9.39,9.42,87.51,332.68
2021-05-13,East,8.49,29.51,0.255,0.054,542.8,9.59,9.22,86.16,326.09
2021-05-13,West,12.21,29.07,0.31,0.064,536.2,9.58,9.59,86.9,332.45
2021-05-13,Central,13.5,28.85,0.284,0.06,541.35,9.48,9.27,87.21,329.41
2021-05-14,North,13.15,28.7,0.304,0.042,549.85,9.65,9.47,88.09,334.82
2021-05-14,South,11.19,29.3,0.285,0.03,540.13,9.28,9.41,87.47,331.71
2021-05-14,East,6.06,29.67,0.256,0.046,541.65,9.4,9.18,86.05,323.51
2021-05-14,West,10.54,28.97,0.283,0.047,539.77,9.67,9.48,86.77,330.72
2021-05-14,Central,13.88,28.82,0.251,0.06,543.49,9.26,9.43,86.35,328.29
2021-05-15,North,16.23,28.35,0.267,0.015,547.44,9.83,9.53,87.92,337.54
2021-05-15,South,10.95,29.14,0.29,0.024,536.18,9.43,9.41,87.09,333.27
2021-05-15,East,7.69,29.33,0.247,0.016,545.94,9.52,9.18,85.98,326.38
2021-05-15,West,13.22,28.81,0.249,-0.008,538.26,9.63,9.52,86.86,333.2
2021-05-15,Central,14.44,28.76,0.245,0.008,535.94,9.35,9.35,86.43,329.79
2021-05-16,North,13.52,28.32,0.275,0.056,546.53,9.88,9.26,87.94,334.39
2021-05-16,South,10.02,29.06,0.269,0.041,537.49,9.3,9.3,87.63,331.38
2021-05-16,East,6.61,29.28,0.235,0.037,547.49,9.43,9.26,85.82,323.03
2021-05-16,West,14.17,28.57,0.269,0.067,534.79,9.28,9.39,86.83,331.27
2021-05-16,Central,12.55,28.53,0.262,0.037,541.1,9.29,9.17,86.18,327.97
2021-05-17,North,15.1,28.54,0.318,0.058,545.38,9.79,9.53,87.99,334.63
2021-05-17,South,10.88,28.97,0.31,0.054,535.73,9.51,9.24,87.56,330.48
2021-05-17,East,7.14,29.26,0.264,0.061,544.02,9.59,9.24,85.83,323.87
2021-05-17,West,13.42,28.65,0.298,0.056,533.4,9.74,9.54,86.69,331.17
2021-05-17,Central,12.81,28.55,0.276,0.037,540.88,9.16,9.15,86.22,327.03
2021-05-18,North,14.43,28.43,0.297,0.054,552.72,9.63,9.5,88.11,334.28
2021-05-18,South,10.22,29.22,0.29,0.041,536.03,9.35,9.09,87.35,331.45
2021-05-18,East,7.8,29.41,0.269,0.018,543.87,9.4,9.5,85.74,324.14
2021-05-18,West,14.18,28.78,0.273,0.057,536.27,9.6,9.55,86.48,328.47
2021-05-18,Central,12.77,28.78,0.28,0.043,542.42,9.34,8.93,86.38,326.69
2021-05-19,North,14.08,28.83,0.295,0.043,545.95,9.59,9.21,87.66,332.42
2021-05-19,South,9.66,29.32,0.284,0.041,535.78,9.22,9.29,86.8,329.12
2021-05-19,East,7.18,29.52,0.243,0.03,543.55,9.48,9.32,85.28,322.24
2021-05-19,West,12.01,29.13,0.287,0.056,535.37,9.51,9.41,86.47,328.34
2021-05-19,Central,11.72,28.89,0.263,0.051,541.64,9.2,9.35,86.28,325.61
2021-05-20,North,14.62,29.06,0.316,0.041,546.07,9.54,9.47,87.8,333.6
2021-05-20,South,11.93,29.68,0.31,0.01,539.21,9.3,9.35,87.22,330.72
2021-05-20,East,8.02,30.05,0.256,-0.005,543.28,9.59,9.13,85.59,322.65
2021-05-20,West,13.77,29.32,0.292,0.026,539.84,9.36,9.6,86.35,329.24
2021-05-20,Central,14.56,29.28,0.277,0.02,538.97,9.1,9.31,86.13,326.79
2021-05-21,North,15.36,29.07,0.313,0.047,550.11,9.66,9.6,87.57,333.74
2021-05-21,South,12.29,29.87,0.288,0.017,535.87,9.24,9.54,86.95,329.32
2021-05-21,East,7.83,29.89,0.255,0.013,543.51,9.3,9.51,85.32,322.12
2021-05-21,West,14.72,29.51,0.279,0.03,535.09,9.54,9.38,85.82,329.07
2021-05-21,Central,16.2,29.42,0.268,0.009,539.84,9.27,9.31,85.4,328.83
2021-05-22,North,15.5,29.0,0.301,0.052,548.02,9.62,9.5,87.66,334.08
2021-05-22,South,11.99,29.67,0.302,0.052,532.83,9.21,9.34,86.62,329.65
2021-05-22,East,8.55,29.91,0.25,0.015,541.14,9.42,9.31,85.65,322.83
2021-05-22,West,13.29,29.11,0.282,0.027,535.41,9.56,9.64,86.35,330.07
2021-05-22,Central,14.78,29.16,0.285,0.017,534.81,9.14,9.33,85.94,326.45
2021-05-23,North,13.54,28.55,0.297,0.084,545.91,9.52,9.6,87.79,332.34
2021-05-23,South,11.17,29.41,0.267,0.078,534.2,9.14,9.44,86.71,329.49
2021-05-23,East,8.8,29.54,0.223,0.056,541.91,9.25,9.29,85.21,322.52
2021-05-23,West,14.0,29.05,0.244,0.086,537.41,9.84,9.6,86.13,328.98
2021-05-23,Central,14.14,28.94,0.263,0.061,539.51,8.9,9.13,85.97,325.59
2021-05-24,North,16.37,28.53,0.281,0.081,546.63,9.68,9.41,87.89,333.07
2021-05-24,South,13.82,29.48,0.264,0.073,535.92,9.37,9.49,86.48,330.25
2021-05-24,East,9.66,29.36,0.253,0.045,537.31,9.42,9.42,85.47,321.8
2021-05-24,West,14.9,28.8,0.246,0.073,533.9,9.43,9.77,86.46,329.86
2021-05-24,Central,15.68,28.9,0.246,0.063,539.87,9.12,9.46,85.79,326.65
2021-05-25,North,16.2,28.49,0.273,0.082,545.63,9.51,9.47,87.47,332.45
2021-05-25,South,13.15,29.18,0.251,0.082,535.36,9.24,9.3,86.49,328.27
2021-05-25,East,10.41,29.35,0.207,0.063,539.51,9.53,9.15,85.43,322.31
2021-05-25,West,14.82,28.82,0.231,0.087,533.18,9.69,9.57,85.87,329.06
2021-05-25,Central,15.63,28.74,0.218,0.047,534.35,9.38,9.19,85.98,324.77
2021-05-26,North,16.92,28.36,0.233,0.052,545.95,9.55,9.39,87.02,334.1
2021-05-26,South,11.38,29.27,0.213,0.036,535.66,9.26,9.43,86.46,328.77
2021-05-26,East,8.84,29.54,0.21,0.042,540.98,9.15,9.27,85.07,322.18
2021-05-26,West,14.99,28.66,0.224,0.049,532.21,9.35,9.61,86.39,328.35
2021-05-26,Central,15.1,28.68,0.199,0.038,537.76,9.23,9.33,85.69,325.97
2021-05-27,North,15.86,28.29,0.246,0.03,544.66,9.6,9.59,87.26,333.8
2021-05-27,South,11.63,28.95,0.233,0.026,534.23,9.2,9.34,86.3,328.08
2021-05-27,East,9.7,29.45,0.217,0.003,540.85,9.38,9.38,84.88,323.22
2021-05-27,West,15.53,28.54,0.227,0.008,536.61,9.69,9.33,85.88,328.96
2021-05-27,Central,17.04,28.59,0.229,0.018,542.26,9.28,9.24,85.33,326.71
2021-05-28,North,19.03,28.27,0.242,0.054,545.04,9.4,9.63,86.74,334.96
2021-05-28,South,16.54,29.06,0.24,0.061,535.57,9.29,9.52,86.58,329.35
2021-05-28,East,12.39,29.3,0.209,0.031,535.11,9.34,9.41,84.46,323.53
2021-05-28,West,17.22,28.65,0.233,0.048,533.27,9.58,9.62,85.23,328.98
2021-05-28,Central,18.99,28.39,0.223,0.046,538.41,9.28,9.1,85.17,325.6
2021-05-29,North,18.7,28.42,0.249,0.06,544.79,9.44,9.52,87.11,332.06
2021-05-29,South,13.34,29.02,0.209,0.057,532.76,9.11,9.5,86.15,327.75
2021-05-29,East,10.81,29.53,0.192,0.038,538.58,9.51,9.34,84.83,320.03
2021-05-29,West,15.19,28.76,0.208,0.04,533.02,9.45,9.43,85.57,326.81
2021-05-29,Central,16.32,28.67,0.204,0.032,537.29,9.27,9.34,85.53,324.92
2021-05-30,North,19.75,28.57,0.241,-0.056,546.16,9.69,9.68,86.25,331.81
2021-05-30,South,16.19,29.15,0.202,-0.056,530.25,9.26,9.69,85.5,327.39
2021-05-30,East,11.42,29.39,0.189,-0.057,537.18,9.34,9.4,84.45,321.0
2021-05-30,West,16.84,28.78,0.213,-0.059,530.6,9.43,9.46,85.2,327.17
2021-05-30,Central,17.91,28.59,0.19,-0.069,540.98,9.03,9.16,84.87,323.98
2021-05-31,North,17.47,28.46,0.214,-0.035,547.8,9.65,9.62,86.33,330.33
2021-05-31,South,11.84,29.17,0.206,-0.032,536.88,9.11,9.33,85.5,325.11
2021-05-31,East,9.53,29.31,0.186,-0.047,539.14,9.42,9.13,84.52,318.02
2021-05-31,West,13.97,28.67,0.201,-0.032,531.87,9.41,9.81,85.29,324.89
2021-05-31,Central,14.03,28.66,0.214,-0.056,536.81,9.11,9.29,84.64,321.54
2021-06-01,North,15.24,28.36,0.236,0.018,543.54,9.6,9.52,86.17,328.58
2021-06-01,South,12.87,29.01,0.218,0.0,532.92,9.19,9.23,85.62,325.52
2021-06-01,East,10.92,29.17,0.176,-0.018,538.56,9.36,9.11,84.45,318.64
2021-06-01,West,14.22,28.39,0.198,-0.006,528.62,9.48,9.85,85.18,323.27
2021-06-01,Central,15.15,28.48,0.185,-0.001,538.06,9.05,9.14,84.37,321.64
2021-06-02,North,18.5,28.03,0.233,-0.027,544.93,9.55,9.65,86.24,329.73
2021-06-02,South,14.43,28.7,0.209,-0.045,535.22,9.32,9.52,85.62,327.05
2021-06-02,East,11.09,28.86,0.211,-0.053,536.66,9.39,9.3,84.04,318.97
2021-06-02,West,17.15,28.37,0.235,-0.047,530.39,9.6,9.77,85.13,324.79
2021-06-02,Central,17.01,28.18,0.21,-0.055,539.21,8.94,9.22,84.83,323.16
2021-06-03,North,18.1,27.78,0.196,0.013,547.49,9.47,9.55,86.02,329.58
2021-06-03,South,16.79,28.81,0.188,-0.018,532.73,9.39,9.42,84.91,325.33
2021-06-03,East,11.02,28.86,0.161,-0.017,541.43,9.16,9.46,84.3,318.44
2021-06-03,West,16.7,28.2,0.179,-0.012,529.59,9.58,9.62,84.43,324.61
2021-06-03,Central,18.97,28.22,0.172,-0.0,533.48,9.07,9.55,84.0,322.18
2021-06-04,North,20.91,28.08,0.193,-0.053,541.33,9.68,9.44,85.54,330.16
2021-06-04,South,16.0,28.64,0.18,-0.045,533.28,9.14,9.57,84.85,326.2
2021-06-04,East,13.18,28.88,0.128,-0.108,534.41,9.52,9.25,83.81,318.39
2021-06-04,West,17.78,28.26,0.182,-0.064,531.19,9.57,9.61,84.82,325.42
2021-06-04,Central,18.68,28.25,0.152,-0.087,533.8,9.0,9.43,84.09,322.57
2021-06-05,North,17.92,28.23,0.178,-0.044,541.57,9.4,9.8,85.49,330.9
2021-06-05,South,15.76,28.91,0.188,-0.039,535.44,9.08,9.48,84.91,324.67
2021-06-05,East,13.56,29.04,0.147,-0.037,541.29,9.67,9.63,84.34,318.87
2021-06-05,West,17.14,28.51,0.169,-0.049,531.62,9.35,9.54,84.71,324.53
2021-06-05,Central,17.75,28.34,0.155,-0.043,534.78,9.25,9.43,84.17,322.35
2021-06-06,North,19.25,28.08,0.196,-0.029,540.11,9.32,9.55,86.06,329.67
2021-06-06,South,13.64,28.82,0.171,-0.055,533.69,9.32,9.39,85.19,325.64
2021-06-06,East,11.87,28.99,0.151,-0.059,533.39,9.32,9.49,83.97,318.19
2021-06-06,West,16.76,28.44,0.171,-0.05,531.02,9.27,9.77,84.41,324.89
2021-06-06,Central,16.69,28.52,0.155,-0.072,535.12,9.23,9.44,84.13,322.89
2021-06-07,North,19.35,28.31,0.201,-0.123,542.36,9.37,9.54,85.99,328.25
2021-06-07,South,13.34,29.13,0.173,-0.084,530.83,9.23,9.52,84.8,324.11
2021-06-07,East,12.19,29.2,0.17,-0.111,535.72,9.23,9.61,83.68,316.52
2021-06-07,West,15.86,28.43,0.176,-0.099,530.54,9.38,9.9,84.59,323.73
2021-06-07,Central,16.12,28.57,0.163,-0.102,535.72,8.89,9.4,84.12,321.22
2021-06-08,North,18.21,28.28,0.197,-0.068,541.8,9.51,9.75,85.73,329.03
2021-06-08,South,14.17,28.97,0.2,-0.053,532.61,9.14,9.61,85.05,324.99
2021-06-08,East,9.01,29.21,0.173,-0.074,537.34,9.36,9.42,83.65,318.06
2021-06-08,West,16.17,28.54,0.184,-0.075,530.78,9.27,9.85,84.92,323.91
2021-06-08,Central,15.7,28.51,0.167,-0.099,536.96,9.29,9.44,84.4,322.1
2021-06-09,North,17.45,28.02,0.2,-0.061,542.12,9.74,9.61,85.83,329.07
2021-06-09,South,13.54,28.71,0.2,-0.049,532.32,9.38,9.54,84.61,325.9
2021-06-09,East,11.14,28.93,0.145,-0.066,533.7,9.29,9.39,83.28,317.97
2021-06-09,West,14.29,28.14,0.18,-0.056,526.75,9.45,9.67,84.49,323.91
2021-06-09,Central,16.26,28.19,0.188,-0.075,534.35,9.18,9.36,83.63,321.24
2021-06-10,North,17.62,27.95,0.182,-0.032,539.97,9.47,9.51,85.58,328.67
2021-06-10,South,12.89,28.65,0.172,-0.063,530.09,9.36,9.55,84.41,324.08
2021-06-10,East,9.76,28.66,0.151,-0.08,536.21,9.28,9.43,83.48,316.97
2021-06-10,West,15.3,28.25,0.16,-0.059,529.96,9.45,9.48,84.36,322.75
2021-06-10,Central,16.83,28.06,0.15,-0.052,535.02,8.99,9.39,83.9,320.27
2021-06-11,North,18.23,27.75,0.165,-0.035,540.09,9.72,9.65,85.4,327.98
2021-06-11,South,13.26,28.49,0.161,-0.024,530.81,9.28,9.57,84.77,324.15
2021-06-11,East,10.12,28.8,0.14,-0.057,534.24,9.3,9.61,83.24,317.67
2021-06-11,West,15.34,28.1,0.143,-0.052,525.54,9.38,9.7,84.1,323.11
2021-06-11,Central,15.0,27.96,0.157,-0.04,533.57,9.04,9.27,83.77,320.48
2021-06-12,North,16.74,28.06,0.2,-0.025,539.82,9.4,9.86,85.52,327.13
2021-06-12,South,12.7,28.88,0.185,-0.053,532.61,9.2,9.63,84.89,323.6
2021-06-12,East,9.97,28.98,0.161,-0.054,533.49,9.49,9.38,83.43,315.61
2021-06-12,West,13.66,28.33,0.178,-0.046,526.04,9.37,10.0,83.92,322.12
2021-06-12,Central,15.25,28.3,0.168,-0.043,531.37,9.01,9.45,83.74,320.7
2021-06-13,North,13.56,27.77,0.171,-0.061,539.41,9.43,9.56,85.32,325.57
2021-06-13,South,10.54,28.63,0.159,-0.087,529.93,9.05,9.73,84.78,320.62
2021-06-13,East,7.54,28.87,0.156,-0.073,532.45,9.36,9.71,83.03,314.02
2021-06-13,West,12.51,28.16,0.161,-0.09,529.31,9.14,9.73,84.32,320.71
2021-06-13,Central,14.14,28.03,0.168,-0.093,530.62,9.17,9.76,83.51,317.96
2021-06-14,North,16.03,28.08,0.165,-0.056,538.36,9.31,9.57,85.56,324.57
2021-06-14,South,12.45,28.72,0.174,-0.063,530.08,9.18,9.58,84.35,321.12
2021-06-14,East,9.31,28.88,0.154,-0.077,532.7,9.0,9.48,82.89,314.03
2021-06-14,West,14.0,28.31,0.181,-0.066,531.14,9.45,10.0,84.08,319.85
2021-06-14,Central,14.92,28.15,0.146,-0.088,533.15,8.94,9.39,83.45,317.74
2021-06-15,North,17.11,27.77,0.191,-0.018,538.68,9.3,9.72,85.49,326.77
2021-06-15,South,14.4,28.58,0.192,-0.036,531.97,9.13,9.82,84.77,321.05
2021-06-15,East,9.22,28.67,0.127,-0.035,538.14,9.23,9.7,83.66,315.24
2021-06-15,West,15.1,28.15,0.17,-0.025,527.92,9.41,9.89,83.78,322.3
2021-06-15,Central,16.88,27.95,0.162,-0.054,530.78,9.31,9.58,83.42,319.62
2021-06-16,North,16.37,27.88,0.212,-0.015,540.32,9.36,9.9,85.49,325.39
2021-06-16,South,13.84,28.67,0.211,-0.004,530.19,9.07,9.62,84.64,322.81
2021-06-16,East,10.96,28.95,0.155,-0.034,535.61,9.24,9.59,83.58,315.6
2021-06-16,West,15.33,28.06,0.189,-0.017,523.55,9.48,9.94,84.19,322.65
2021-06-16,Central,17.37,28.04,0.186,-0.005,533.12,9.12,9.41,83.8,319.25
2021-06-17,North,20.93,28.06,0.19,-0.047,539.85,9.56,9.64,84.74,328.44
2021-06-17,South,16.06,28.45,0.196,-0.037,527.11,9.17,9.82,84.11,324.67
2021-06-17,East,12.37,28.88,0.161,-0.068,534.91,9.21,9.67,82.99,316.62
2021-06-17,West,17.11,28.27,0.188,-0.049,524.82,9.38,9.85,83.57,323.13
2021-06-17,Central,19.38,28.15,0.171,-0.051,529.39,9.01,9.84,83.09,320.71
2021-06-18,North,20.04,27.81,0.208,-0.069,539.54,9.29,9.79,85.07,328.03
2021-06-18,South,16.85,28.8,0.192,-0.083,528.39,9.09,9.82,83.75,324.13
2021-06-18,East,13.12,28.76,0.187,-0.112,533.57,9.34,9.68,82.59,317.68
2021-06-18,West,17.75,28.18,0.189,-0.091,523.65,9.37,9.89,83.9,323.15
2021-06-18,Central,19.03,28.23,0.174,-0.109,535.41,9.13,9.58,83.86,320.82
2021-06-19,North,20.29,27.75,0.226,-0.104,538.51,9.53,9.72,85.0,329.0
2021-06-19,South,16.9,28.59,0.211,-0.086,525.34,9.18,9.79,84.32,323.85
2021-06-19,East,12.86,28.72,0.192,-0.116,530.97,9.15,9.75,82.54,316.9
2021-06-19,West,18.82,28.23,0.217,-0.106,525.7,9.37,10.15,83.97,324.28
2021-06-19,Central,19.08,28.01,0.205,-0.09,533.02,9.05,9.77,83.49,320.92
2021-06-20,North,21.62,27.76,0.215,-0.128,536.97,9.25,9.92,84.82,328.69
2021-06-20,South,18.72,28.55,0.227,-0.134,524.51,9.26,9.97,84.32,324.4
2021-06-20,East,14.86,28.49,0.188,-0.125,535.23,9.35,9.64,82.57,317.76
2021-06-20,West,20.86,27.98,0.185,-0.123,526.01,9.32,9.9,83.16,323.57
2021-06-20,Central,21.53,27.91,0.185,-0.129,527.79,9.1,9.44,83.61,320.69
2021-06-21,North,20.81,27.55,0.207,-0.122,537.31,9.36,9.83,84.55,328.1
2021-06-21,South,17.23,28.57,0.205,-0.132,527.18,9.17,9.8,84.09,323.57
2021-06-21,East,15.53,28.59,0.173,-0.114,532.88,9.48,9.87,82.77,316.34
2021-06-21,West,19.94,28.02,0.197,-0.131,526.71,9.35,10.13,83.38,323.63
2021-06-21,Central,21.54,28.01,0.195,-0.13,529.71,9.26,9.7,83.32,320.02
2021-06-22,North,19.66,27.53,0.211,-0.092,538.53,9.58,10.0,84.51,327.9
2021-06-22,South,16.24,28.4,0.202,-0.105,525.5,9.12,10.02,84.12,323.42
2021-06-22,East,12.47,28.59,0.184,-0.108,533.21,8.97,9.76,82.54,316.98
2021-06-22,West,18.55,27.95,0.193,-0.12,523.56,9.36,10.21,83.56,323.49
2021-06-22,Central,21.11,27.89,0.159,-0.092,534.01,9.09,9.85,83.08,320.24
2021-06-23,North,24.25,27.46,0.205,-0.12,541.35,9.45,9.8,84.86,327.69
2021-06-23,South,20.54,28.16,0.194,-0.148,524.89,8.96,9.95,83.83,323.71
2021-06-23,East,18.14,28.48,0.153,-0.169,529.24,9.17,9.96,82.23,317.27
2021-06-23,West,21.13,27.82,0.185,-0.147,522.71,9.38,10.29,83.61,322.99
2021-06-23,Central,23.76,27.66,0.181,-0.166,529.55,8.98,9.55,82.47,321.1
2021-06-24,North,24.35,27.33,0.213,-0.093,537.1,9.35,9.98,84.4,329.03
2021-06-24,South,18.6,28.02,0.203,-0.103,528.51,9.05,9.82,83.64,323.82
2021-06-24,East,17.57,28.19,0.156,-0.1,529.82,9.34,9.79,82.16,317.45
2021-06-24,West,21.13,27.7,0.183,-0.092,524.1,9.25,9.92,83.4,323.14
2021-06-24,Central,22.8,27.69,0.181,-0.117,533.48,8.77,9.83,82.62,320.9
2021-06-25,North,22.15,27.35,0.211,-0.088,534.09,9.48,10.11,84.02,329.35
2021-06-25,South,19.15,28.15,0.207,-0.093,528.0,9.32,10.02,83.29,324.17
2021-06-25,East,16.15,28.28,0.168,-0.115,533.88,9.11,9.71,81.84,316.92
2021-06-25,West,21.55,27.74,0.188,-0.092,523.69,9.19,10.39,83.23,323.72
2021-06-25,Central,21.19,27.47,0.172,-0.102,529.33,8.99,9.65,83.01,320.71
2021-06-26,North,22.77,27.55,0.193,-0.097,535.73,9.52,10.16,84.33,328.76
2021-06-26,South,19.5,28.36,0.209,-0.095,521.58,9.11,9.85,83.33,323.75
2021-06-26,East,17.04,28.46,0.18,-0.096,527.03,9.09,10.2,82.21,317.57
2021-06-26,West,21.1,27.81,0.169,-0.115,523.16,9.25,10.08,83.47,323.21
2021-06-26,Central,22.37,27.73,0.184,-0.116,530.87,9.09,9.7,82.54,320.83
2021-06-27,North,24.04,27.48,0.194,-0.089,536.72,9.44,9.82,84.18,328.36
2021-06-27,South,19.83,28.12,0.184,-0.086,526.06,9.17,10.09,83.13,324.28
2021-06-27,East,17.58,28.35,0.131,-0.106,530.08,9.35,9.78,81.9,317.35
2021-06-27,West,20.63,27.84,0.174,-0.128,521.71,9.14,10.27,82.8,323.55
2021-06-27,Central,22.29,27.82,0.163,-0.11,527.87,9.19,10.13,82.24,321.23
2021-06-28,North,21.8,27.48,0.172,-0.135,528.54,9.61,10.02,83.64,326.49
2021-06-28,South,17.71,28.09,0.159,-0.144,525.01,9.13,10.11,82.72,322.06
2021-06-28,East,13.92,28.41,0.121,-0.158,529.51,9.22,9.87,81.48,316.11
2021-06-28,West,17.78,27.86,0.134,-0.129,525.85,9.08,10.3,83.0,320.91
2021-06-28,Central,20.34,27.78,0.143,-0.154,529.71,9.13,10.11,82.53,318.94
2021-06-29,North,24.71,27.7,0.205,-0.143,532.31,9.26,10.01,83.83,327.37
2021-06-29,South,19.37,28.11,0.187,-0.127,522.62,9.17,10.06,82.55,323.96
2021-06-29,East,15.6,28.33,0.168,-0.15,530.19,9.09,10.02,81.96,315.06
2021-06-29,West,20.78,27.78,0.206,-0.126,522.94,9.18,10.11,82.5,321.38
2021-06-29,Central,22.5,27.55,0.171,-0.142,526.5,9.14,9.82,82.05,319.74
2021-06-30,North,24.51,27.62,0.188,-0.133,531.66,9.19,10.13,83.4,326.61
2021-06-30,South,20.82,28.21,0.191,-0.145,523.15,9.18,9.97,82.48,323.03
2021-06-30,East,17.51,28.56,0.145,-0.139,529.03,9.11,9.91,81.09,317.15
2021-06-30,West,21.08,28.0,0.166,-0.122,524.47,9.2,10.23,82.27,321.89
2021-06-30,Central,21.82,27.81,0.157,-0.141,524.06,8.78,10.06,81.61,321.02
2021-07-01,North,21.46,27.71,0.2,-0.104,533.41,9.12,10.26,83.43,326.12
2021-07-01,South,16.89,28.24,0.163,-0.112,522.99,9.09,9.89,82.64,321.0
2021-07-01,East,14.26,28.53,0.134,-0.109,528.09,9.18,10.04,80.93,315.88
2021-07-01,West,20.39,27.93,0.123,-0.129,519.16,9.46,10.4,82.23,320.55
2021-07-01,Central,20.68,27.88,0.165,-0.127,527.72,8.97,10.14,81.95,319.3
2021-07-02,North,24.01,27.47,0.201,-0.085,536.4,9.45,9.98,83.69,325.55
2021-07-02,South,19.95,28.16,0.171,-0.103,527.68,9.09,10.19,83.25,322.64
2021-07-02,East,17.27,28.31,0.16,-0.105,530.79,8.9,9.9,81.38,315.03
2021-07-02,West,21.4,27.46,0.175,-0.119,519.37,9.33,10.34,82.07,322.65
2021-07-02,Central,22.27,27.66,0.154,-0.12,528.59,8.93,10.07,81.88,320.21
2021-07-03,North,24.49,27.58,0.202,-0.084,533.24,9.29,10.29,83.48,325.91
2021-07-03,South,20.55,28.27,0.17,-0.102,525.6,9.28,10.24,82.77,323.02
2021-07-03,East,17.13,28.45,0.146,-0.121,530.83,9.36,9.89,81.43,315.61
2021-07-03,West,22.64,27.83,0.189,-0.104,521.46,9.36,10.2,82.25,322.78
2021-07-03,Central,23.09,27.86,0.15,-0.108,528.25,9.07,10.1,81.57,319.16
2021-07-04,North,23.13,27.37,0.177,-0.079,536.81,9.45,10.07,83.6,327.78
2021-07-04,South,20.32,28.28,0.184,-0.11,522.55,8.9,10.42,82.67,323.27
2021-07-04,East,14.87,28.41,0.173,-0.128,528.39,9.28,10.06,81.18,315.67
2021-07-04,West,21.98,27.77,0.185,-0.105,519.56,9.58,10.19,81.84,322.27
2021-07-04,Central,23.24,27.72,0.175,-0.109,526.7,9.09,10.3,81.87,319.05
2021-07-05,North,23.85,27.69,0.192,-0.072,534.56,9.47,10.35,83.57,328.48
2021-07-05,South,21.92,28.41,0.159,-0.078,523.39,9.15,10.09,82.72,323.62
2021-07-05,East,19.16,28.57,0.156,-0.119,528.49,9.15,9.99,81.4,316.44
2021-07-05,West,24.3,28.04,0.155,-0.079,520.98,9.38,10.49,82.39,323.33
2021-07-05,Central,25.54,27.92,0.158,-0.119,525.79,9.2,10.14,81.42,321.45
2021-07-06,North,25.28,27.6,0.193,-0.073,536.59,9.57,10.27,83.29,329.39
2021-07-06,South,23.38,28.4,0.201,-0.065,523.19,9.02,9.99,82.26,324.19
2021-07-06,East,18.88,28.55,0.149,-0.092,528.24,9.35,10.05,80.81,318.21
2021-07-06,West,25.3,27.99,0.177,-0.071,518.78,9.21,10.38,82.01,324.35
2021-07-06,Central,27.25,27.83,0.15,-0.086,522.41,8.97,9.94,81.85,321.08
2021-07-07,North,28.58,27.4,0.162,-0.063,536.69,9.42,10.61,83.26,328.66
2021-07-07,South,23.03,28.21,0.161,-0.068,519.72,9.13,10.22,82.52,323.9
2021-07-07,East,18.08,28.5,0.123,-0.086,529.68,9.22,9.94,80.89,315.96
2021-07-07,West,26.83,27.6,0.152,-0.07,519.5,9.3,10.32,81.68,323.58
2021-07-07,Central,26.88,27.72,0.133,-0.065,525.64,8.96,10.14,81.49,320.5
2021-07-08,North,28.57,27.23,0.171,-0.077,533.51,9.48,10.42,82.56,329.58
2021-07-08,South,24.28,27.88,0.13,-0.057,518.16,9.35,10.37,82.21,325.55
2021-07-08,East,21.56,28.06,0.084,-0.079,529.89,9.14,10.12,80.52,318.18
2021-07-08,West,25.96,27.59,0.117,-0.046,520.82,9.3,10.65,81.16,324.75
2021-07-08,Central,28.89,27.38,0.097,-0.072,525.83,9.03,10.29,81.33,320.9
2021-07-09,North,28.37,27.41,0.147,-0.048,530.35,9.53,10.3,82.32,327.85
2021-07-09,South,24.47,27.97,0.147,-0.06,518.11,9.24,10.22,81.29,321.91
2021-07-09,East,21.49,28.31,0.094,-0.068,527.63,9.14,10.27,80.84,317.07
2021-07-09,West,27.55,27.74,0.122,-0.067,519.9,9.19,10.37,80.92,323.09
2021-07-09,Central,27.68,27.55,0.124,-0.084,522.64,9.13,10.28,80.62,320.25
2021-07-10,North,28.77,27.43,0.149,-0.061,532.33,9.47,10.26,82.44,328.13
2021-07-10,South,24.3,28.25,0.147,-0.088,519.83,9.11,10.14,81.44,323.84
2021-07-10,East,21.59,28.24,0.09,-0.063,526.12,9.25,10.22,80.36,317.46
2021-07-10,West,28.13,27.67,0.14,-0.078,518.45,8.97,10.34,81.19,324.0
2021-07-10,Central,27.88,27.75,0.137,-0.07,522.9,9.3,10.06,80.34,320.38
2021-07-11,North,27.42,27.34,0.18,-0.055,531.34,9.45,10.13,82.23,326.59
2021-07-11,South,23.54,28.03,0.176,-0.06,517.71,9.05,10.52,82.03,322.81
2021-07-11,East,21.03,28.17,0.136,-0.074,524.22,9.2,10.13,80.17,316.8
2021-07-11,West,25.49,27.77,0.156,-0.06,523.04,9.45,10.61,81.41,321.7
2021-07-11,Central,27.34,27.71,0.134,-0.064,525.03,8.79,10.1,81.02,318.21
2021-07-12,North,28.35,27.14,0.174,-0.058,534.19,9.45,10.39,82.2,326.02
2021-07-12,South,25.27,28.04,0.161,-0.062,522.58,9.15,10.5,81.5,322.15
2021-07-12,East,22.3,28.15,0.119,-0.088,521.31,9.32,10.38,80.43,315.8
2021-07-12,West,27.22,27.65,0.155,-0.066,516.72,9.32,10.54,81.07,320.68
2021-07-12,Central,27.8,27.39,0.148,-0.079,528.56,8.93,10.29,81.16,319.29
2021-07-13,North,30.17,27.45,0.13,-0.034,533.26,9.34,10.49,81.96,326.92
2021-07-13,South,26.42,28.11,0.118,-0.081,524.97,9.16,10.24,81.79,322.86
2021-07-13,East,22.11,28.28,0.092,-0.087,523.32,9.46,10.24,79.92,314.69
2021-07-13,West,25.42,27.78,0.112,-0.034,521.76,9.42,10.71,81.36,320.63
2021-07-13,Central,29.81,27.67,0.087,-0.062,523.42,9.06,10.26,80.65,318.74
2021-07-14,North,29.51,27.28,0.123,-0.062,529.42,9.48,10.39,82.32,327.37
2021-07-14,South,24.51,27.98,0.107,-0.043,519.63,9.13,10.46,81.47,322.15
2021-07-14,East,21.71,28.2,0.102,-0.088,525.0,9.23,10.04,80.17,314.99
2021-07-14,West,28.07,27.47,0.1,-0.073,518.97,9.32,10.53,81.19,321.75
2021-07-14,Central,28.86,27.35,0.083,-0.045,521.94,9.15,10.38,80.43,319.6
2021-07-15,North,28.44,27.02,0.154,-0.071,533.01,9.36,10.54,82.12,328.27
2021-07-15,South,23.72,27.84,0.15,-0.064,518.03,9.07,10.34,81.63,324.45
2021-07-15,East,21.68,27.89,0.108,-0.06,526.63,9.52,10.42,80.14,318.22
2021-07-15,West,25.44,27.27,0.143,-0.05,515.33,9.24,10.63,80.97,323.1
2021-07-15,Central,28.03,27.27,0.145,-0.067,521.86,9.26,10.3,80.65,322.15
2021-07-16,North,27.18,27.11,0.159,-0.064,531.13,9.51,10.78,82.28,328.5
2021-07-16,South,25.14,27.65,0.162,-0.084,518.76,9.04,10.37,81.34,324.33
2021-07-16,East,20.4,27.91,0.125,-0.093,522.75,9.15,10.39,80.06,318.6
2021-07-16,West,26.68,27.5,0.156,-0.062,517.65,9.36,10.61,80.69,324.85
2021-07-16,Central,28.38,27.24,0.151,-0.083,524.21,8.75,10.55,80.25,322.05
2021-07-17,North,29.06,26.97,0.151,-0.094,528.74,9.43,10.29,81.84,328.31
2021-07-17,South,23.83,27.69,0.164,-0.077,519.25,9.13,10.24,80.99,325.16
2021-07-17,East,20.78,27.89,0.1,-0.081,524.23,9.36,10.31,79.37,318.39
2021-07-17,West,27.3,27.24,0.135,-0.079,517.23,9.29,10.56,80.58,323.76
2021-07-17,Central,28.79,27.12,0.135,-0.08,524.49,8.96,10.64,80.14,322.89
2021-07-18,North,24.58,27.04,0.173,-0.102,527.93,9.53,10.44,81.84,325.98
2021-07-18,South,23.36,27.6,0.152,-0.108,519.15,9.0,10.36,80.86,323.31
2021-07-18,East,19.64,27.82,0.118,-0.128,526.04,9.18,10.41,79.67,316.26
2021-07-18,West,25.11,27.14,0.152,-0.096,516.38,9.31,11.0,80.28,322.83
2021-07-18,Central,25.1,27.11,0.13,-0.119,521.92,9.1,10.68,80.34,319.59
2021-07-19,North,25.98,26.86,0.133,-0.088,524.93,9.54,10.68,81.42,327.26
2021-07-19,South,20.01,27.46,0.134,-0.071,516.03,9.2,10.57,80.98,322.24
2021-07-19,East,16.82,27.77,0.119,-0.107,522.26,9.43,10.3,79.65,314.66
2021-07-19,West,24.4,27.31,0.121,-0.089,515.76,9.33,10.69,80.44,320.73
2021-07-19,Central,23.28,27.03,0.116,-0.101,520.03,9.17,10.44,80.35,318.85
2021-07-20,North,26.34,26.79,0.098,-0.051,528.98,9.73,10.49,81.34,326.42
2021-07-20,South,22.09,27.53,0.11,-0.089,514.46,9.21,10.34,80.39,321.89
2021-07-20,East,20.57,27.74,0.088,-0.079,523.73,9.32,10.7,79.19,315.23
2021-07-20,West,24.59,27.08,0.088,-0.077,516.59,9.47,10.79,80.68,321.26
2021-07-20,Central,24.12,27.04,0.078,-0.07,518.8,9.15,10.46,80.14,317.48
2021-07-21,North,22.3,26.99,0.104,-0.059,530.18,9.56,10.6,81.37,323.78
2021-07-21,South,17.2,27.68,0.099,-0.028,518.03,9.27,10.39,80.51,320.68
2021-07-21,East,16.41,27.8,0.071,-0.033,521.16,9.32,10.32,79.69,313.8
2021-07-21,West,20.15,27.15,0.104,-0.049,512.48,9.33,10.94,80.25,319.84
2021-07-21,Central,20.24,27.21,0.071,-0.073,522.72,9.21,10.51,79.97,317.55
2021-07-22,North,24.18,26.86,0.118,-0.042,527.88,9.45,10.8,81.66,324.58
2021-07-22,South,20.75,27.48,0.083,-0.088,516.46,9.19,10.4,80.56,321.09
2021-07-22,East,18.4,27.73,0.073,-0.07,518.88,9.11,10.49,79.57,313.49
2021-07-22,West,20.45,27.18,0.081,-0.071,513.81,9.23,10.57,79.64,320.6
2021-07-22,Central,23.1,27.11,0.069,-0.067,521.21,9.08,10.41,79.56,317.78
2021-07-23,North,24.66,27.01,0.075,-0.016,525.28,9.57,10.55,81.32,326.51
2021-07-23,South,22.27,27.53,0.072,-0.036,514.89,9.47,10.61,80.23,320.81
2021-07-23,East,16.63,27.81,0.041,-0.021,519.22,9.36,10.44,78.93,314.48
2021-07-23,West,19.51,27.06,0.059,-0.034,511.77,9.18,10.98,80.0,319.72
2021-07-23,Central,23.56,27.26,0.065,-0.052,517.04,9.16,10.5,79.77,316.31
2021-07-24,North,27.3,26.62,0.068,-0.035,528.2,9.4,10.63,80.73,325.74
2021-07-24,South,21.96,27.25,0.041,-0.05,520.09,9.13,10.6,79.81,322.78
2021-07-24,East,19.01,27.48,0.014,-0.039,515.26,9.19,10.45,78.67,316.63
2021-07-24,West,25.3,26.84,0.057,-0.032,512.82,9.24,10.85,80.01,321.6
2021-07-24,Central,27.74,26.87,0.037,-0.058,519.27,9.26,10.43,79.61,318.71
2021-07-25,North,25.85,26.54,0.06,-0.044,523.64,9.44,10.53,80.66,324.17
2021-07-25,South,23.09,27.29,0.054,-0.066,515.66,9.04,10.56,80.13,321.15
2021-07-25,East,20.3,27.45,0.021,-0.069,522.61,9.41,10.42,78.81,313.64
2021-07-25,West,24.56,26.65,0.025,-0.052,510.79,9.31,10.73,79.76,319.58
2021-07-25,Central,25.49,26.63,0.026,-0.052,516.83,9.12,10.78,79.06,317.44
2021-07-26,North,26.94,26.23,0.056,-0.068,527.78,9.55,10.54,81.0,324.07
2021-07-26,South,23.91,27.0,0.057,-0.081,515.85,9.22,10.67,80.2,320.57
2021-07-26,East,21.91,27.35,0.029,-0.078,520.87,9.25,10.32,78.58,314.37
2021-07-26,West,26.25,26.66,0.017,-0.076,517.54,9.52,10.87,79.66,320.12
2021-07-26,Central,27.12,26.42,-0.003,-0.083,518.54,9.05,10.76,79.49,318.14
2021-07-27,North,29.24,26.1,0.063,-0.106,526.31,9.62,10.64,80.6,324.71
2021-07-27,South,23.26,26.79,0.036,-0.089,513.43,9.24,10.44,79.46,319.6
2021-07-27,East,20.67,27.06,0.02,-0.136,519.91,9.22,10.57,78.38,313.44
2021-07-27,West,27.06,26.42,0.024,-0.11,513.46,9.38,10.72,78.92,319.6
2021-07-27,Central,28.02,26.3,0.049,-0.11,515.44,9.2,10.39,78.73,316.83
2021-07-28,North,27.8,26.0,0.024,-0.067,527.98,9.51,10.74,80.1,325.16
2021-07-28,South,25.13,26.69,0.029,-0.07,511.59,9.48,10.72,79.85,321.47
2021-07-28,East,22.33,26.96,-0.007,-0.069,518.68,9.25,10.53,78.12,314.02
2021-07-28,West,24.33,26.32,0.013,-0.072,514.65,9.45,11.0,79.44,319.14
2021-07-28,Central,26.8,26.24,0.012,-0.072,516.69,9.12,10.58,78.64,317.31
2021-07-29,North,30.61,25.85,0.053,-0.008,523.41,9.66,10.85,80.52,325.6
2021-07-29,South,24.4,26.59,0.03,-0.047,517.84,9.04,10.65,79.94,321.55
2021-07-29,East,23.47,26.92,0.004,-0.046,519.06,9.48,10.79,78.21,313.79
2021-07-29,West,28.58,26.33,0.048,-0.028,515.44,9.62,11.01,79.59,320.23
2021-07-29,Central,28.88,26.18,0.017,-0.043,520.78,9.03,10.63,79.08,317.75
2021-07-30,North,27.62,25.98,0.034,-0.015,523.7,9.3,10.8,80.55,324.11
2021-07-30,South,24.94,26.69,0.024,-0.023,511.97,9.22,10.77,79.77,320.61
2021-07-30,East,21.35,26.94,-0.02,-0.054,521.71,9.38,10.56,78.62,313.86
2021-07-30,West,26.86,26.31,0.005,0.006,514.39,9.45,11.01,79.68,319.01
2021-07-30,Central,28.14,26.25,0.006,-0.031,517.15,9.07,10.67,78.64,317.21
2021-07-31,North,30.03,25.73,0.057,-0.027,524.43,9.67,10.92,80.56,325.82
2021-07-31,South,27.52,26.54,0.032,-0.015,516.33,9.09,10.56,79.9,321.46
2021-07-31,East,23.64,26.82,0.029,-0.051,523.89,9.41,10.4,79.02,315.25
2021-07-31,West,29.54,26.21,0.022,-0.063,511.97,9.6,10.91,79.7,321.79
2021-07-31,Central,31.02,26.08,0.039,-0.047,516.62,9.15,10.27,78.98,318.93
2021-08-01,North,29.89,25.88,0.027,-0.017,528.09,9.5,10.69,80.99,325.58
2021-08-01,South,26.28,26.59,0.006,0.001,516.35,9.16,10.55,79.88,321.12
2021-08-01,East,21.34,26.82,-0.038,-0.002,516.6,9.27,10.31,78.69,314.21
2021-08-01,West,27.86,26.19,-0.013,-0.015,510.86,9.35,10.84,79.4,321.06
2021-08-01,Central,28.58,25.95,0.004,-0.019,516.38,9.2,10.57,79.11,317.74
2021-08-02,North,29.27,25.76,0.013,0.001,522.49,9.62,10.93,80.29,324.32
2021-08-02,South,24.82,26.42,0.021,-0.011,511.76,9.11,10.63,79.47,321.45
2021-08-02,East,21.94,26.58,-0.024,-0.022,518.03,9.42,10.59,78.34,312.91
2021-08-02,West,27.7,25.95,-0.02,-0.007,507.88,9.4,10.86,79.13,320.32
2021-08-02,Central,28.73,25.96,-0.007,-0.019,519.31,9.11,10.58,78.84,317.48
2021-08-03,North,32.03,25.69,0.033,0.007,526.3,9.4,10.65,80.54,325.69
2021-08-03,South,27.31,26.38,0.022,-0.003,515.3,9.2,10.62,79.88,320.8
2021-08-03,East,24.12,26.58,-0.027,-0.015,515.17,9.43,10.5,78.22,314.23
2021-08-03,West,29.68,26.01,-0.007,-0.023,513.83,9.46,10.87,79.1,320.35
2021-08-03,Central,31.63,25.88,-0.02,-0.048,516.3,9.12,10.52,78.99,316.23
2021-08-04,North,33.94,25.96,0.037,0.018,524.91,9.63,10.72,80.1,327.86
2021-08-04,South,29.13,26.61,0.035,0.026,514.39,9.01,10.65,79.55,322.17
2021-08-04,East,24.38,26.79,-0.011,-0.005,518.21,9.46,10.79,78.26,315.78
2021-08-04,West,31.48,26.19,0.023,0.009,508.77,9.33,10.94,79.13,321.49
2021-08-04,Central,31.81,26.08,0.004,0.005,517.55,9.04,10.62,78.8,318.47
2021-08-05,North,34.4,25.84,0.048,0.019,525.77,9.56,10.73,80.47,326.39
2021-08-05,South,30.17,26.51,0.05,0.053,509.28,9.17,10.71,79.17,323.07
2021-08-05,East,29.18,26.76,-0.003,0.018,515.39,9.32,10.39,77.92,316.19
2021-08-05,West,33.76,26.24,0.028,0.025,506.37,9.23,10.86,78.89,322.51
2021-08-05,Central,34.6,26.0,0.013,0.03,517.07,9.1,10.6,78.6,320.13
2021-08-06,North,34.27,26.13,0.065,0.063,522.07,9.32,10.83,80.46,325.7
2021-08-06,South,30.84,26.71,0.049,0.058,513.9,9.28,10.78,79.53,323.47
2021-08-06,East,27.11,26.98,0.016,0.072,517.08,9.24,10.69,78.54,317.01
2021-08-06,West,30.19,26.35,0.027,0.06,510.44,9.68,10.78,79.58,321.91
2021-08-06,Central,34.06,26.13,0.033,0.07,513.81,9.24,10.48,78.48,320.04
2021-08-07,North,33.0,25.87,0.046,0.075,521.32,9.71,10.73,80.62,326.98
2021-08-07,South,28.08,26.6,0.037,0.079,511.69,9.24,10.72,79.23,322.33
2021-08-07,East,25.18,26.88,0.022,0.053,516.16,9.25,10.57,78.7,315.43
2021-08-07,West,29.15,26.19,0.016,0.057,511.6,9.44,10.8,78.99,322.0
2021-08-07,Central,30.49,26.13,0.019,0.089,517.52,9.36,10.4,78.76,318.49
2021-08-08,North,31.63,25.85,0.038,0.054,521.49,9.67,10.91,80.36,325.35
2021-08-08,South,26.92,26.51,0.032,0.067,511.86,9.29,10.71,79.36,320.68
2021-08-08,East,23.03,26.75,0.003,0.044,518.45,9.47,10.72,78.16,314.47
2021-08-08,West,27.28,26.17,0.032,0.082,511.7,9.59,10.99,79.06,320.27
2021-08-08,Central,28.8,26.08,-0.006,0.045,516.12,9.09,10.59,78.7,317.07
2021-08-09,North,31.03,25.55,0.029,0.055,523.53,9.68,10.75,80.02,326.67
2021-08-09,South,28.77,26.43,0.02,0.059,510.61,9.43,10.97,79.36,322.78
2021-08-09,East,25.76,26.57,-0.002,0.023,517.72,9.44,10.67,78.26,315.92
2021-08-09,West,30.71,26.03,0.017,0.032,509.54,9.29,10.99,79.19,321.63
2021-08-09,Central,30.76,25.95,-0.008,0.037,512.98,9.18,10.51,78.62,319.19
2021-08-10,North,32.89,25.7,0.005,0.023,521.4,9.69,10.74,80.26,327.02
2021-08-10,South,30.18,26.53,0.0,0.019,514.53,9.18,10.65,79.01,323.27
2021-08-10,East,24.26,26.52,-0.044,-0.031,516.83,9.28,10.42,77.98,315.4
2021-08-10,West,30.22,25.89,-0.013,-0.005,508.62,9.65,11.18,78.75,320.96
2021-08-10,Central,32.03,25.92,-0.023,0.002,518.71,9.01,10.57,78.86,318.61
2021-08-11,North,33.64,25.79,0.001,0.027,522.69,9.41,10.74,80.43,325.07
2021-08-11,South,26.81,26.46,-0.035,0.01,511.1,9.28,10.63,78.68,322.3
2021-08-11,East,24.7,26.6,-0.051,-0.009,515.62,9.44,10.63,77.65,315.13
2021-08-11,West,32.0,26.08,-0.024,-0.014,510.3,9.58,10.84,78.6,321.95
2021-08-11,Central,30.44,26.03,-0.025,0.003,514.42,9.19,10.68,78.14,318.46
2021-08-12,North,29.87,25.44,0.019,0.029,522.18,9.63,10.73,80.0,325.77
2021-08-12,South,26.76,26.24,-0.01,0.026,511.56,9.42,10.71,79.22,322.58
2021-08-12,East,22.75,26.38,-0.039,0.001,513.61,9.54,10.61,77.62,316.09
2021-08-12,West,29.35,25.73,-0.044,0.022,507.49,9.63,10.93,79.07,320.81
2021-08-12,Central,30.65,25.63,-0.037,-0.009,511.66,9.14,10.82,78.51,318.27
2021-08-13,North,31.0,25.58,-0.027,0.045,521.85,9.58,10.83,80.08,325.43
2021-08-13,South,29.12,26.31,-0.026,0.055,512.17,9.55,10.65,78.86,321.67
2021-08-13,East,27.15,26.42,-0.072,0.019,516.33,9.45,10.61,77.98,315.57
2021-08-13,West,30.87,25.96,-0.049,0.048,506.36,9.75,11.09,79.03,321.31
2021-08-13,Central,30.9,25.57,-0.048,0.017,512.89,9.31,10.61,78.06,318.86
2021-08-14,North,30.87,25.58,-0.008,0.04,523.94,9.67,10.99,79.82,325.25
2021-08-14,South,26.33,26.2,-0.013,0.045,506.26,9.44,10.8,79.12,320.24
2021-08-14,East,23.79,26.31,-0.057,0.029,515.81,9.32,10.66,78.01,313.37
2021-08-14,West,29.66,25.71,-0.031,0.036,506.82,9.57,10.77,78.67,320.36
2021-08-14,Central,28.63,25.76,-0.056,0.02,515.19,9.15,10.65,78.61,317.1
2021-08-15,North,31.94,25.83,-0.04,0.035,524.04,9.76,10.96,79.62,324.52
2021-08-15,South,31.33,26.48,-0.047,0.022,510.79,9.4,10.73,78.9,319.72
2021-08-15,East,25.6,26.81,-0.092,0.003,515.87,9.55,10.76,77.66,313.69
2021-08-15,West,31.89,26.08,-0.075,0.01,509.89,9.67,11.01,78.98,318.73
2021-08-15,Central,32.45,26.14,-0.05,-0.011,509.52,9.47,10.52,78.17,318.12
2021-08-16,North,38.49,26.04,-0.025,0.011,522.21,9.76,10.61,80.16,324.72
2021-08-16,South,32.95,26.76,-0.03,0.024,509.72,9.42,10.72,79.16,323.31
2021-08-16,East,27.65,26.77,-0.072,-0.002,514.04,9.36,10.73,77.38,315.43
2021-08-16,West,35.81,26.33,-0.043,0.025,507.9,9.53,10.99,78.69,322.09
2021-08-16,Central,36.36,26.04,-0.068,0.015,514.25,9.24,10.54,78.32,318.71
2021-08-17,North,39.23,25.92,-0.023,0.047,524.21,9.71,10.77,79.61,326.62
2021-08-17,South,34.05,26.51,-0.058,0.034,509.98,9.46,10.72,78.92,321.99
2021-08-17,East,30.58,26.64,-0.068,0.027,512.86,9.45,10.81,77.65,315.79
2021-08-17,West,34.99,26.03,-0.053,0.037,508.69,9.63,10.88,78.33,323.34
2021-08-17,Central,35.47,25.96,-0.08,0.025,514.44,9.21,10.8,78.06,319.96
2021-08-18,North,37.4,25.66,-0.01,0.058,519.97,9.72,10.89,79.56,326.96
2021-08-18,South,33.65,26.37,-0.017,0.041,505.32,9.36,10.59,79.09,323.41
2021-08-18,East,30.37,26.44,-0.047,0.015,515.89,9.61,10.6,77.62,314.8
2021-08-18,West,37.87,26.08,-0.013,0.039,505.14,9.69,10.91,78.68,322.79
2021-08-18,Central,38.0,25.92,-0.03,0.03,510.48,8.99,10.58,77.94,320.21
2021-08-19,North,36.64,25.46,0.003,0.059,519.87,9.9,10.9,79.83,326.4
2021-08-19,South,33.03,26.25,-0.027,0.06,511.62,9.54,10.9,79.61,323.33
2021-08-19,East,29.66,26.41,-0.064,0.034,515.14,9.5,10.39,77.77,316.1
2021-08-19,West,34.99,25.7,-0.021,0.057,510.53,9.55,10.94,78.78,322.29
2021-08-19,Central,37.13,25.73,-0.059,0.044,513.08,9.27,10.34,78.27,318.96
2021-08-20,North,34.14,25.51,0.005,0.012,521.06,9.79,10.78,80.2,325.06
2021-08-20,South,30.69,26.16,-0.013,0.015,512.94,9.52,10.56,78.96,321.54
2021-08-20,East,26.51,26.18,-0.027,0.016,516.13,9.73,10.55,77.72,314.71
2021-08-20,West,31.44,25.81,0.002,0.017,506.92,9.47,10.91,78.76,320.96
2021-08-20,Central,32.45,25.72,-0.037,0.019,512.48,9.33,10.59,78.72,317.82
2021-08-21,North,32.23,25.37,-0.017,0.058,520.16,9.59,10.8,80.26,326.27
2021-08-21,South,29.3,26.02,-0.011,0.042,506.94,9.4,10.82,79.47,322.51
2021-08-21,East,27.16,26.3,-0.034,0.037,514.94,9.5,10.63,78.08,315.09
2021-08-21,West,31.25,25.71,-0.022,0.057,505.22,9.41,10.82,78.65,322.46
2021-08-21,Central,32.82,25.52,-0.02,0.028,510.05,9.38,10.72,78.14,319.84
2021-08-22,North,30.95,25.31,0.012,0.027,518.97,9.58,10.74,80.18,324.76
2021-08-22,South,27.06,26.11,-0.005,-0.016,506.69,9.35,10.65,79.1,320.76
2021-08-22,East,24.24,26.44,-0.056,-0.017,514.29,9.36,10.55,77.9,314.79
2021-08-22,West,29.38,25.76,-0.021,-0.037,509.26,9.71,10.81,79.01,321.08
2021-08-22,Central,31.85,25.69,0.0,-0.026,510.29,9.21,10.33,78.77,317.69
2021-08-23,North,30.57,25.42,-0.025,-0.009,522.73,9.73,10.71,79.88,323.39
2021-08-23,South,26.22,26.17,-0.022,0.016,511.04,9.48,11.02,79.22,319.91
2021-08-23,East,23.42,26.22,-0.056,-0.012,518.02,9.66,10.65,77.84,312.65
2021-08-23,West,28.4,25.57,-0.025,-0.01,509.57,9.82,10.91,78.97,318.27
2021-08-23,Central,27.64,25.53,-0.049,-0.014,507.92,9.41,10.71,78.31,314.21
2021-08-24,North,31.49,25.21,-0.026,0.074,514.17,9.65,10.88,79.75,323.55
2021-08-24,South,29.09,26.1,-0.021,0.057,508.36,9.6,10.91,78.82,320.13
2021-08-24,East,25.36,26.13,-0.05,0.04,516.89,9.68,10.74,77.7,312.73
2021-08-24,West,31.94,25.48,-0.05,0.035,503.8,9.98,10.86,78.81,318.81
2021-08-24,Central,30.15,25.51,-0.06,0.033,511.48,9.26,10.76,78.46,316.03
2021-08-25,North,32.98,25.02,-0.029,0.037,513.94,9.85,10.69,79.53,325.88
2021-08-25,South,30.2,25.6,-0.031,0.025,507.34,9.43,10.86,79.16,320.24
2021-08-25,East,25.81,25.76,-0.053,0.02,513.95,9.37,10.66,77.97,313.65
2021-08-25,West,30.15,25.4,-0.036,0.004,507.96,9.74,11.09,78.68,319.51
2021-08-25,Central,32.11,25.1,-0.058,0.027,513.39,9.18,10.58,78.19,316.74
2021-08-26,North,35.34,24.94,-0.025,0.039,517.21,9.78,10.67,79.69,326.02
2021-08-26,South,31.2,25.69,-0.037,0.007,504.95,9.54,10.84,78.78,320.82
2021-08-26,East,27.46,25.98,-0.072,-0.011,512.68,9.66,10.62,77.39,314.88
2021-08-26,West,33.52,25.16,-0.045,0.006,503.31,9.71,10.8,78.26,320.56
2021-08-26,Central,33.17,25.03,-0.066,0.038,511.84,9.24,10.38,78.11,318.03
2021-08-27,North,33.84,24.87,-0.071,0.012,517.11,9.84,10.62,79.55,324.21
2021-08-27,South,29.92,25.47,-0.046,0.023,505.83,9.67,10.63,78.87,320.48
2021-08-27,East,25.87,25.68,-0.088,0.014,511.47,9.52,10.59,77.23,313.19
2021-08-27,West,31.49,25.1,-0.072,0.021,506.78,9.67,10.72,78.17,320.7
2021-08-27,Central,32.1,24.98,-0.089,0.017,510.02,9.48,10.66,77.81,318.16
2021-08-28,North,33.66,24.71,-0.092,0.006,516.44,9.76,10.75,79.39,325.68
2021-08-28,South,30.04,25.34,-0.062,0.008,505.95,9.42,10.65,78.43,320.47
2021-08-28,East,27.34,25.48,-0.097,0.017,512.73,9.48,10.49,76.95,313.93
2021-08-28,West,31.9,25.02,-0.07,0.007,502.56,9.68,10.81,77.97,321.15
2021-08-28,Central,32.54,24.8,-0.094,0.02,510.9,9.52,10.49,77.68,318.96
2021-08-29,North,34.61,24.48,-0.091,0.039,517.53,9.78,10.74,79.37,326.81
2021-08-29,South,31.96,25.29,-0.109,0.046,505.04,9.72,10.65,77.68,323.7
2021-08-29,East,27.62,25.49,-0.148,0.026,510.32,9.54,10.46,76.92,315.21
2021-08-29,West,33.22,24.96,-0.118,0.038,504.91,9.59,11.04,78.08,322.64
2021-08-29,Central,33.56,24.87,-0.156,0.011,511.37,9.4,10.48,76.96,319.21
2021-08-30,North,34.19,24.49,-0.105,0.04,516.06,9.84,10.82,79.11,327.0
2021-08-30,South,29.54,25.18,-0.139,0.027,507.6,9.4,10.44,78.52,322.32
2021-08-30,East,28.63,25.56,-0.163,0.035,512.92,9.56,10.53,76.87,315.08
2021-08-30,West,34.2,24.91,-0.122,0.05,505.08,9.71,10.64,77.8,321.23
2021-08-30,Central,34.69,24.83,-0.136,0.051,510.07,9.3,10.51,77.42,319.33
2021-08-31,North,35.49,24.34,-0.093,0.047,519.68,9.67,10.74,79.3,327.0
2021-08-31,South,30.2,24.96,-0.102,0.046,506.57,9.45,10.71,78.53,322.36
2021-08-31,East,29.03,25.18,-0.149,0.028,509.02,9.62,10.63,77.16,315.43
2021-08-31,West,33.67,24.68,-0.119,0.048,502.68,9.75,10.59,78.11,321.16
2021-08-31,Central,32.37,24.66,-0.113,0.021,507.36,9.47,10.57,77.52,319.47
2021-09-01,North,34.77,24.14,-0.122,0.066,513.72,9.84,10.67,79.37,325.51
2021-09-01,South,32.21,24.86,-0.126,0.074,507.5,9.6,10.8,78.43,321.79
2021-09-01,East,27.62,25.16,-0.16,0.057,509.95,9.58,10.54,76.94,316.1
2021-09-01,West,32.24,24.43,-0.12,0.044,504.54,9.97,10.78,78.25,321.87
2021-09-01,Central,34.01,24.41,-0.17,0.054,510.06,9.47,10.78,77.62,319.35
2021-09-02,North,35.0,24.58,-0.136,0.072,516.73,9.91,10.65,79.36,325.86
2021-09-02,South,31.91,25.2,-0.147,0.09,506.76,9.55,10.58,78.35,321.36
2021-09-02,East,29.48,25.46,-0.17,0.059,511.07,9.8,10.46,77.17,314.85
2021-09-02,West,32.84,24.75,-0.146,0.074,501.27,9.58,10.84,77.75,322.47
2021-09-02,Central,33.42,24.56,-0.165,0.063,507.37,9.22,10.49,77.65,319.65
2021-09-03,North,33.07,24.31,-0.097,0.152,517.17,9.66,10.65,79.59,327.27
2021-09-03,South,28.09,24.91,-0.103,0.13,505.67,9.8,10.43,79.01,323.24
2021-09-03,East,25.34,25.22,-0.142,0.118,510.09,9.62,10.41,77.36,315.85
2021-09-03,West,30.45,24.46,-0.127,0.104,503.58,9.72,10.91,78.18,322.69
2021-09-03,Central,30.8,24.65,-0.132,0.142,509.74,9.52,10.4,78.07,319.35
2021-09-04,North,29.3,24.07,-0.119,0.136,515.3,9.94,10.64,79.31,325.14
2021-09-04,South,26.66,24.97,-0.126,0.116,510.03,9.58,10.55,78.72,321.52
2021-09-04,East,22.85,25.25,-0.137,0.115,509.08,9.6,10.3,77.51,315.21
2021-09-04,West,27.35,24.53,-0.135,0.129,501.65,9.65,10.85,78.25,320.5
2021-09-04,Central,29.28,24.4,-0.136,0.111,507.72,9.46,10.47,77.92,317.98
2021-09-05,North,29.74,24.46,-0.106,0.148,516.02,9.91,10.37,79.64,324.77
2021-09-05,South,27.96,25.08,-0.106,0.144,507.7,9.71,10.5,79.28,321.89
2021-09-05,East,23.01,25.36,-0.139,0.115,510.9,9.74,10.63,77.32,315.35
2021-09-05,West,28.92,24.72,-0.121,0.129,503.67,9.59,10.93,78.24,321.02
2021-09-05,Central,27.57,24.57,-0.13,0.112,506.65,9.49,10.24,78.03,317.82
2021-09-06,North,29.92,24.6,-0.08,0.084,517.87,9.96,10.48,79.7,327.13
2021-09-06,South,26.2,25.43,-0.083,0.081,506.77,9.48,10.48,78.98,321.07
2021-09-06,East,23.77,25.66,-0.122,0.07,508.64,9.78,10.36,77.64,316.05
2021-09-06,West,29.35,25.07,-0.11,0.101,506.49,9.93,10.68,79.04,321.95
2021-09-06,Central,29.37,25.02,-0.126,0.097,507.71,9.62,10.54,78.13,318.86
2021-09-07,North,26.49,24.61,-0.072,0.094,516.24,9.85,10.55,80.04,325.87
2021-09-07,South,24.39,25.48,-0.079,0.074,509.87,9.64,10.74,78.95,323.05
2021-09-07,East,22.66,25.55,-0.123,0.069,508.58,9.75,10.2,77.6,316.2
2021-09-07,West,25.79,24.98,-0.11,0.08,506.88,9.71,10.94,78.58,320.3
2021-09-07,Central,28.6,24.71,-0.1,0.087,506.32,9.53,10.38,78.04,318.82
2021-09-08,North,29.63,24.55,-0.088,0.11,519.0,9.79,10.35,80.05,326.24
2021-09-08,South,24.92,25.25,-0.108,0.085,504.45,9.71,10.46,79.05,322.39
2021-09-08,East,22.01,25.55,-0.153,0.091,512.13,9.67,10.51,77.5,316.44
2021-09-08,West,27.5,25.02,-0.114,0.096,506.85,9.88,10.92,78.65,321.79
2021-09-08,Central,28.53,24.73,-0.142,0.087,507.69,9.56,10.6,78.11,318.39
2021-09-09,North,30.33,24.53,-0.09,0.099,518.39,10.06,10.52,79.98,326.53
2021-09-09,South,25.84,25.38,-0.116,0.081,508.27,9.6,10.63,78.58,322.45
2021-09-09,East,22.76,25.49,-0.138,0.061,509.41,9.7,10.38,77.42,316.25
2021-09-09,West,27.01,24.85,-0.104,0.09,505.6,9.89,10.57,78.42,323.01
2021-09-09,Central,28.77,24.62,-0.114,0.051,509.32,9.59,10.17,78.08,319.37
2021-09-10,North,27.93,24.83,-0.108,0.038,516.93,9.82,10.52,79.41,326.32
2021-09-10,South,23.94,25.55,-0.105,0.028,504.26,9.62,10.23,78.4,322.05
2021-09-10,East,19.36,25.58,-0.153,0.012,512.13,9.77,10.23,77.71,314.88
2021-09-10,West,25.55,24.98,-0.139,0.018,507.09,9.87,10.6,78.41,321.39
2021-09-10,Central,25.85,24.94,-0.135,0.004,510.34,9.37,10.3,77.61,317.63
2021-09-11,North,27.68,24.75,-0.059,0.024,514.14,10.01,10.59,79.65,325.74
2021-09-11,South,24.24,25.25,-0.085,0.037,505.41,9.81,10.29,79.31,321.06
2021-09-11,East,18.2,25.64,-0.112,0.041,511.64,9.82,10.18,77.62,315.67
2021-09-11,West,25.54,24.98,-0.09,0.028,504.78,9.9,10.59,78.33,322.0
2021-09-11,Central,25.2,24.88,-0.089,0.029,508.77,9.68,10.39,78.29,318.29
2021-09-12,North,27.55,24.75,-0.085,0.071,517.05,10.13,10.45,79.91,326.93
2021-09-12,South,25.34,25.24,-0.095,0.062,507.35,9.59,10.38,78.89,323.42
2021-09-12,East,21.89,25.46,-0.126,0.048,513.8,9.7,10.12,77.91,314.71
2021-09-12,West,26.3,25.01,-0.126,0.051,499.87,9.93,10.43,78.55,322.06
2021-09-12,Central,27.67,24.76,-0.116,0.071,506.87,9.58,10.21,78.11,319.13
2021-09-13,North,29.08,24.63,-0.101,0.075,517.05,9.99,10.39,79.78,326.97
2021-09-13,South,25.2,25.41,-0.112,0.073,508.24,9.74,10.37,78.81,323.97
2021-09-13,East,21.09,25.55,-0.146,0.057,508.4,9.78,10.25,77.55,317.3
2021-09-13,West,29.29,24.86,-0.125,0.072,503.3,9.69,10.44,78.35,323.78
2021-09-13,Central,27.69,24.76,-0.133,0.066,508.93,9.48,10.07,78.19,320.92
2021-09-14,North,27.21,24.67,-0.12,0.075,515.48,10.18,10.55,79.75,325.66
2021-09-14,South,23.75,25.34,-0.133,0.067,505.37,9.51,10.44,78.91,323.01
2021-09-14,East,20.55,25.65,-0.143,0.048,512.97,9.71,10.41,77.46,317.59
2021-09-14,West,27.19,24.92,-0.139,0.069,502.87,9.78,10.21,79.01,322.2
2021-09-14,Central,27.51,24.66,-0.139,0.046,506.53,9.61,10.39,78.05,320.51
2021-09-15,North,28.92,24.71,-0.149,0.032,516.91,10.03,10.5,79.7,326.48
2021-09-15,South,25.6,25.3,-0.121,0.012,505.83,9.95,10.18,78.9,322.8
2021-09-15,East,22.77,25.4,-0.176,0.014,509.21,9.98,10.21,77.25,315.25
2021-09-15,West,26.16,24.89,-0.158,0.026,503.67,10.07,10.55,78.14,320.92
2021-09-15,Central,28.02,24.84,-0.164,0.023,508.9,9.66,10.2,77.67,318.59
2021-09-16,North,30.82,24.65,-0.121,0.063,513.89,10.04,10.46,79.46,326.24
2021-09-16,South,28.39,25.31,-0.109,0.018,509.03,9.58,10.17,78.93,323.94
2021-09-16,East,23.69,25.49,-0.134,0.028,506.65,9.99,10.22,77.56,317.07
2021-09-16,West,28.92,25.07,-0.127,0.048,502.17,10.04,10.14,78.21,323.0
2021-09-16,Central,29.41,24.77,-0.128,0.028,508.18,9.63,10.26,78.16,320.26
2021-09-17,North,32.77,24.46,-0.072,0.065,515.13,10.12,10.39,79.43,328.9
2021-09-17,South,28.48,24.97,-0.077,0.083,507.4,9.63,10.3,78.9,324.62
2021-09-17,East,25.32,25.28,-0.088,0.041,510.38,9.55,10.27,77.77,317.26
2021-09-17,West,31.05,24.65,-0.086,0.062,502.13,10.18,10.39,78.94,324.8
2021-09-17,Central,30.71,24.66,-0.087,0.059,503.46,9.48,10.22,77.85,321.19
2021-09-18,North,31.8,24.44,-0.076,0.026,516.65,9.86,10.29,79.13,328.22
2021-09-18,South,29.26,25.11,-0.089,0.035,504.26,9.93,10.24,78.01,325.14
2021-09-18,East,25.35,25.21,-0.108,-0.003,509.78,9.93,10.2,77.24,318.08
2021-09-18,West,30.03,24.57,-0.093,0.027,501.98,10.11,10.49,78.23,323.76
2021-09-18,Central,31.81,24.61,-0.119,0.032,507.87,9.75,10.1,77.43,319.81
2021-09-19,North,32.45,24.23,-0.075,0.066,513.46,9.99,10.49,79.06,331.21
2021-09-19,South,29.91,25.16,-0.095,0.053,505.28,9.89,10.15,78.34,325.8
2021-09-19,East,26.11,25.15,-0.135,0.043,511.53,10.03,10.15,77.39,318.33
2021-09-19,West,31.13,24.69,-0.127,0.073,501.16,10.05,10.44,78.08,325.1
2021-09-19,Central,31.46,24.43,-0.121,0.031,505.5,9.52,10.07,77.79,321.97
2021-09-20,North,31.1,24.41,-0.121,0.081,518.3,9.93,10.5,79.56,328.03
2021-09-20,South,26.91,25.13,-0.126,0.07,506.44,9.71,10.2,78.66,324.57
2021-09-20,East,24.88,25.17,-0.168,0.035,508.01,9.99,10.1,77.02,317.47
2021-09-20,West,29.76,24.63,-0.155,0.07,502.75,9.83,10.24,77.95,323.61
2021-09-20,Central,29.7,24.53,-0.154,0.061,508.1,9.84,9.84,77.78,320.61
2021-09-21,North,33.22,24.3,-0.125,0.118,512.95,10.12,10.25,79.32,328.83
2021-09-21,South,29.58,24.99,-0.137,0.104,506.16,9.77,10.34,78.48,325.29
2021-09-21,East,25.26,25.08,-0.157,0.094,508.18,9.83,10.14,77.52,318.65
2021-09-21,West,30.65,24.7,-0.132,0.104,505.43,10.16,10.25,78.33,324.72
2021-09-21,Central,29.55,24.44,-0.163,0.087,504.52,9.67,10.17,77.51,321.85
2021-09-22,North,32.83,24.22,-0.112,0.102,513.9,9.97,10.32,79.5,328.88
2021-09-22,South,28.85,25.0,-0.123,0.108,503.13,9.81,10.13,79.1,324.39
2021-09-22,East,25.98,25.23,-0.143,0.089,512.09,9.9,10.36,77.51,317.25
2021-09-22,West,31.77,24.59,-0.136,0.108,503.84,9.98,10.33,78.06,325.47
2021-09-22,Central,31.72,24.41,-0.142,0.104,504.9,9.6,10.12,77.61,320.39
2021-09-23,North,32.78,24.45,-0.115,0.13,514.86,10.14,10.1,79.35,329.16
2021-09-23,South,30.21,25.03,-0.135,0.11,503.25,9.85,10.08,78.79,325.6
2021-09-23,East,27.6,25.51,-0.178,0.108,508.83,10.0,9.92,77.3,317.87
2021-09-23,West,31.06,24.67,-0.145,0.108,504.33,10.09,10.16,78.33,323.63
2021-09-23,Central,34.02,24.73,-0.152,0.107,506.04,9.68,10.02,78.16,322.57
2021-09-24,North,33.85,24.5,-0.125,0.133,515.45,10.0,10.25,79.58,331.45
2021-09-24,South,28.02,25.16,-0.11,0.119,504.02,9.92,10.15,78.3,326.34
2021-09-24,East,27.16,25.34,-0.164,0.127,506.3,10.02,9.9,77.24,320.32
2021-09-24,West,31.92,24.81,-0.139,0.137,506.61,10.14,10.3,78.04,326.21
2021-09-24,Central,31.9,24.67,-0.143,0.145,507.63,9.62,10.27,78.14,323.84
2021-09-25,North,34.6,24.55,-0.095,0.154,512.59,10.47,10.02,79.54,331.32
2021-09-25,South,30.75,25.18,-0.113,0.155,505.26,9.86,10.08,78.44,328.39
2021-09-25,East,28.02,25.39,-0.149,0.127,511.02,9.94,10.06,77.15,321.36
2021-09-25,West,32.76,24.82,-0.118,0.158,499.62,10.26,10.34,78.06,325.93
2021-09-25,Central,34.03,24.72,-0.127,0.144,505.29,9.82,9.96,77.82,325.28
2021-09-26,North,35.57,24.5,-0.066,0.125,515.51,10.09,10.11,79.01,331.22
2021-09-26,South,31.55,25.03,-0.103,0.117,504.19,10.04,10.21,78.63,325.89
2021-09-26,East,26.86,25.4,-0.149,0.106,511.71,9.93,10.01,77.3,319.9
2021-09-26,West,32.5,24.82,-0.123,0.093,504.13,9.94,10.31,78.41,325.34
2021-09-26,Central,34.64,24.62,-0.131,0.095,506.81,9.93,10.15,77.77,322.76
2021-09-27,North,34.18,24.49,-0.091,0.091,517.84,10.36,10.02,79.52,329.89
2021-09-27,South,32.24,25.08,-0.107,0.089,506.17,10.07,10.07,78.67,325.71
2021-09-27,East,29.13,25.44,-0.132,0.072,509.98,10.08,10.04,77.68,319.6
2021-09-27,West,34.63,24.85,-0.114,0.061,502.43,10.28,10.14,78.19,325.98
2021-09-27,Central,34.33,24.68,-0.133,0.083,505.77,9.57,10.16,77.94,324.09
2021-09-28,North,37.24,24.37,-0.103,0.078,516.27,10.14,9.98,79.29,330.86
2021-09-28,South,31.54,24.9,-0.11,0.07,505.22,10.02,10.07,78.41,326.57
2021-09-28,East,29.66,25.26,-0.147,0.064,508.62,9.81,10.0,77.37,317.66
2021-09-28,West,36.21,24.64,-0.138,0.069,501.88,10.3,10.35,77.89,325.8
2021-09-28,Central,35.07,24.69,-0.136,0.071,506.02,10.02,9.86,77.36,322.38
2021-09-29,North,34.23,24.38,-0.089,0.088,512.82,10.15,10.13,79.57,329.63
2021-09-29,South,30.69,25.04,-0.094,0.083,503.49,9.98,9.94,78.73,326.19
2021-09-29,East,27.64,25.42,-0.133,0.054,507.17,9.96,9.97,77.46,319.29
2021-09-29,West,32.5,24.6,-0.121,0.065,499.65,10.28,10.41,77.72,325.75
2021-09-29,Central,34.13,24.55,-0.128,0.079,508.06,9.94,9.8,77.51,323.12
2021-09-30,North,32.9,24.22,-0.109,0.088,514.01,10.19,10.1,79.66,329.22
2021-09-30,South,27.79,25.06,-0.076,0.105,503.61,9.92,9.92,78.84,324.0
2021-09-30,East,23.0,25.14,-0.131,0.086,508.93,10.02,9.9,77.25,317.74
2021-09-30,West,30.22,24.67,-0.098,0.099,503.56,10.05,10.12,78.79,324.09
2021-09-30,Central,30.17,24.52,-0.118,0.087,507.27,9.77,9.83,78.2,321.56
2021-10-01,North,34.72,24.58,-0.082,0.107,517.38,10.21,10.16,79.83,330.83
2021-10-01,South,31.12,25.24,-0.095,0.099,505.67,9.98,10.07,78.84,326.02
2021-10-01,East,27.08,25.31,-0.105,0.093,506.45,10.19,9.72,77.47,319.14
2021-10-01,West,32.41,24.87,-0.083,0.116,503.04,10.08,10.2,78.85,325.89
2021-10-01,Central,31.89,24.81,-0.096,0.085,505.88,9.84,9.85,77.85,323.0
2021-10-02,North,35.12,24.68,-0.053,0.133,517.21,10.33,10.02,79.51,330.53
2021-10-02,South,30.41,25.32,-0.062,0.14,507.94,9.85,9.76,79.25,325.92
2021-10-02,East,27.47,25.5,-0.089,0.094,507.27,9.98,9.79,77.92,318.82
2021-10-02,West,34.51,25.0,-0.085,0.111,503.61,10.28,10.17,79.09,325.53
2021-10-02,Central,33.57,24.74,-0.091,0.13,509.18,9.67,9.98,78.51,322.29
2021-10-03,North,32.91,24.7,-0.094,0.159,517.46,10.26,10.07,80.07,327.42
2021-10-03,South,28.3,25.34,-0.091,0.13,504.52,9.91,9.75,79.2,324.18
2021-10-03,East,23.7,25.6,-0.11,0.146,513.7,10.25,9.67,78.16,316.79
2021-10-03,West,29.91,24.91,-0.075,0.158,500.25,10.18,10.15,78.32,322.3
2021-10-03,Central,30.81,24.91,-0.123,0.143,509.45,9.85,9.8,78.51,320.6
2021-10-04,North,29.85,24.44,-0.096,0.125,518.23,10.36,9.84,80.03,327.45
2021-10-04,South,27.43,25.22,-0.089,0.145,504.66,10.14,9.81,79.76,322.75
2021-10-04,East,23.34,25.56,-0.128,0.122,507.44,9.97,9.74,78.11,314.76
2021-10-04,West,29.84,24.84,-0.125,0.141,500.04,10.08,10.05,79.13,321.8
2021-10-04,Central,28.4,24.63,-0.113,0.104,509.67,9.9,9.76,78.48,318.82
2021-10-05,North,30.93,24.41,-0.086,0.13,516.2,10.18,9.88,80.0,328.15
2021-10-05,South,27.27,25.1,-0.114,0.119,504.0,10.22,9.89,79.44,321.63
2021-10-05,East,25.19,25.29,-0.147,0.127,510.56,10.17,9.73,78.21,315.33
2021-10-05,West,31.31,24.67,-0.131,0.111,500.59,10.25,10.2,78.63,323.12
2021-10-05,Central,30.9,24.6,-0.138,0.15,507.02,9.74,10.04,78.49,319.52
2021-10-06,North,32.16,24.66,-0.101,0.127,516.83,10.31,9.92,80.14,326.84
2021-10-06,South,28.06,25.26,-0.112,0.129,508.36,10.14,9.8,79.44,323.75
2021-10-06,East,26.42,25.35,-0.158,0.117,509.37,10.11,9.57,78.16,315.5
2021-10-06,West,30.65,24.71,-0.113,0.108,504.37,10.31,10.01,79.16,322.24
2021-10-06,Central,29.48,24.77,-0.153,0.125,508.46,9.9,9.95,78.86,319.59
2021-10-07,North,30.8,24.41,-0.102,0.126,513.53,10.19,9.63,80.04,324.85
2021-10-07,South,27.53,25.2,-0.111,0.107,504.27,9.93,9.82,79.0,322.24
2021-10-07,East,23.89,25.4,-0.118,0.107,510.41,10.05,9.73,77.89,315.39
2021-10-07,West,28.45,24.88,-0.118,0.109,501.39,10.25,9.96,79.09,322.98
2021-10-07,Central,30.16,24.68,-0.114,0.106,505.41,10.14,9.78,78.42,319.75
2021-10-08,North,33.1,24.62,-0.094,0.128,517.86,10.42,9.85,80.61,326.48
2021-10-08,South,29.34,25.33,-0.075,0.138,504.54,10.02,9.77,79.19,321.94
2021-10-08,East,25.66,25.48,-0.129,0.113,509.55,10.14,9.88,78.2,317.03
2021-10-08,West,31.85,24.82,-0.108,0.117,506.74,10.15,9.71,78.84,321.02
2021-10-08,Central,31.37,24.68,-0.114,0.094,509.84,9.72,9.66,78.49,319.82
2021-10-09,North,32.5,24.34,-0.067,0.062,516.33,10.48,9.95,80.22,326.5
2021-10-09,South,27.8,25.01,-0.053,0.06,503.77,10.0,9.8,78.83,322.34
2021-10-09,East,23.96,25.28,-0.102,0.073,510.16,9.89,9.48,77.97,314.87
2021-10-09,West,29.17,24.62,-0.072,0.045,502.09,10.28,9.99,78.89,320.11
2021-10-09,Central,30.3,24.52,-0.085,0.061,507.98,9.99,9.82,78.73,318.93
2021-10-10,North,29.74,24.58,-0.066,0.123,514.81,10.07,9.75,80.47,326.09
2021-10-10,South,26.34,25.05,-0.063,0.126,503.28,10.18,9.6,79.46,323.19
2021-10-10,East,22.71,25.23,-0.107,0.093,509.84,10.26,9.63,78.23,314.54
2021-10-10,West,26.91,24.65,-0.067,0.123,502.48,10.32,10.04,79.17,322.2
2021-10-10,Central,28.99,24.53,-0.089,0.116,504.69,10.14,9.7,79.08,318.63
2021-10-11,North,31.4,24.4,-0.038,0.129,511.63,10.17,9.84,80.67,325.1
2021-10-11,South,26.5,25.12,-0.039,0.16,505.47,10.19,9.81,79.33,322.31
2021-10-11,East,23.66,25.26,-0.077,0.118,511.83,10.34,9.4,77.86,315.91
2021-10-11,West,29.04,24.84,-0.064,0.138,504.37,10.25,10.02,79.11,321.44
2021-10-11,Central,29.04,24.66,-0.086,0.149,505.84,10.03,9.68,78.7,318.88
2021-10-12,North,30.74,24.31,-0.022,0.121,519.18,10.45,9.7,80.53,327.18
2021-10-12,South,27.32,25.01,-0.046,0.113,509.57,10.11,9.64,79.53,324.06
2021-10-12,East,23.54,25.13,-0.068,0.107,508.86,10.09,9.54,78.15,316.58
2021-10-12,West,31.53,24.61,-0.034,0.141,501.56,10.5,9.92,79.32,323.65
2021-10-12,Central,31.17,24.46,-0.053,0.092,507.45,10.1,9.62,78.82,320.1
2021-10-13,North,32.22,24.24,-0.021,0.162,517.6,10.45,9.8,81.18,328.19
2021-10-13,South,28.55,25.01,-0.033,0.152,505.25,9.79,9.7,79.95,323.89
2021-10-13,East,24.18,25.11,-0.045,0.146,507.83,10.28,9.58,78.45,316.89
2021-10-13,West,31.52,24.52,-0.034,0.159,504.48,10.31,9.92,79.5,323.93
2021-10-13,Central,30.28,24.38,-0.04,0.173,505.59,10.03,9.51,79.18,320.72
2021-10-14,North,33.35,24.51,-0.001,0.183,516.92,10.43,9.76,80.64,329.35
2021-10-14,South,29.47,24.87,-0.029,0.138,506.57,10.25,9.57,80.05,323.52
2021-10-14,East,26.5,25.14,-0.056,0.144,509.7,10.18,9.53,78.79,317.34
2021-10-14,West,31.04,24.72,-0.034,0.16,502.27,10.49,9.91,79.3,324.82
2021-10-14,Central,32.11,24.36,-0.041,0.158,508.5,10.01,9.52,79.21,321.31
2021-10-15,North,32.86,24.17,0.022,0.158,516.49,10.6,9.79,80.69,328.47
2021-10-15,South,28.76,25.09,-0.009,0.167,504.5,10.21,9.45,79.97,325.31
2021-10-15,East,26.18,25.19,-0.043,0.15,507.32,10.39,9.55,78.52,317.62
2021-10-15,West,30.29,24.49,-0.008,0.147,503.74,10.4,9.94,79.66,324.91
2021-10-15,Central,32.93,24.55,-0.02,0.145,505.97,10.19,9.6,79.3,321.36
2021-10-16,North,33.99,24.33,0.001,0.151,519.18,10.32,9.62,81.57,330.08
2021-10-16,South,29.22,24.84,-0.018,0.155,506.49,10.33,9.38,79.78,325.67
2021-10-16,East,28.0,25.32,-0.028,0.124,505.79,10.26,9.5,78.6,318.9
2021-10-16,West,31.32,24.44,0.003,0.138,502.48,10.35,9.89,79.41,325.75
2021-10-16,Central,33.05,24.35,-0.005,0.132,509.48,10.17,9.55,79.21,323.74
2021-10-17,North,33.7,24.18,0.001,0.195,518.06,10.43,9.44,81.1,329.6
2021-10-17,South,29.51,24.94,0.004,0.177,504.06,10.12,9.41,80.35,325.11
2021-10-17,East,26.9,25.17,-0.038,0.177,510.77,10.22,9.53,79.0,318.81
2021-10-17,West,29.15,24.51,-0.035,0.19,502.3,10.26,9.78,79.58,324.79
2021-10-17,Central,30.74,24.25,-0.018,0.173,510.07,10.01,9.53,79.3,322.73
2021-10-18,North,33.0,24.15,-0.02,0.2,519.43,10.68,9.6,80.84,329.37
2021-10-18,South,29.35,24.83,-0.028,0.168,505.34,9.76,9.56,79.91,326.15
2021-10-18,East,27.36,25.13,-0.051,0.157,508.61,10.31,9.27,79.09,318.62
2021-10-18,West,29.79,24.49,-0.037,0.158,505.28,10.36,9.84,79.73,325.1
2021-10-18,Central,32.21,24.32,-0.039,0.18,509.1,10.42,9.67,78.9,322.4
2021-10-19,North,34.51,24.13,0.001,0.199,511.68,10.31,9.9,80.85,329.48
2021-10-19,South,28.41,24.88,-0.009,0.171,503.77,10.14,9.69,80.18,326.04
2021-10-19,East,27.1,25.06,-0.045,0.165,511.16,10.26,9.45,78.79,319.87
2021-10-19,West,30.79,24.57,-0.034,0.175,501.56,10.49,9.86,79.41,324.83
2021-10-19,Central,32.48,24.25,-0.026,0.188,509.34,10.17,9.27,79.15,323.17
2021-10-20,North,32.02,24.3,0.031,0.21,518.59,10.5,9.6,81.46,329.35
2021-10-20,South,28.91,25.15,0.015,0.214,504.61,10.11,9.49,80.05,327.57
2021-10-20,East,27.53,25.2,-0.006,0.202,510.19,10.33,9.51,79.01,318.76
2021-10-20,West,32.84,24.49,-0.023,0.21,503.0,10.42,9.6,79.92,326.05
2021-10-20,Central,32.6,24.76,0.007,0.184,510.51,10.13,9.47,79.56,324.08
2021-10-21,North,33.73,24.04,0.016,0.237,517.48,10.34,9.68,80.83,331.87
2021-10-21,South,30.18,24.66,0.007,0.241,506.39,10.37,9.87,80.26,328.34
2021-10-21,East,28.56,24.86,-0.026,0.207,511.66,10.4,9.27,78.76,321.28
2021-10-21,West,31.18,24.29,0.002,0.216,503.94,10.48,9.78,79.63,326.59
2021-10-21,Central,32.95,24.29,-0.012,0.194,508.53,10.16,9.18,79.16,323.41
2021-10-22,North,33.22,24.07,0.041,0.233,517.09,10.48,9.65,81.37,331.12
2021-10-22,South,31.98,24.52,0.036,0.219,501.75,10.2,9.4,79.97,327.58
2021-10-22,East,27.52,24.86,0.009,0.207,509.72,10.26,9.35,78.94,320.94
2021-10-22,West,34.26,24.22,0.028,0.181,503.89,10.56,9.75,79.79,326.98
2021-10-22,Central,34.64,24.22,-0.002,0.202,511.99,10.14,9.59,80.2,323.58
2021-10-23,North,34.39,23.94,0.023,0.259,521.39,10.54,9.65,81.13,330.98
2021-10-23,South,29.59,24.73,0.008,0.217,504.37,10.28,9.53,80.34,329.39
2021-10-23,East,27.01,25.06,-0.012,0.246,510.6,10.35,9.38,78.93,321.26
2021-10-23,West,33.02,24.44,-0.014,0.223,502.33,10.43,9.8,79.72,328.5
2021-10-23,Central,33.76,24.25,-0.008,0.24,506.04,10.01,9.36,79.56,325.94
2021-10-24,North,34.61,24.09,0.004,0.286,516.37,10.46,9.71,80.8,332.12
2021-10-24,South,28.79,24.88,0.012,0.313,506.15,10.4,9.76,80.69,327.74
2021-10-24,East,27.14,25.06,-0.029,0.266,514.42,10.33,9.52,79.43,322.24
2021-10-24,West,30.31,24.32,-0.0,0.268,504.22,10.64,9.46,80.25,327.88
2021-10-24,Central,31.24,24.28,-0.021,0.267,509.12,10.12,9.31,79.87,325.39
2021-10-25,North,34.23,24.07,0.027,0.285,517.68,10.52,9.38,81.45,331.63
2021-10-25,South,27.62,24.79,0.003,0.268,507.48,10.22,9.4,80.81,327.56
2021-10-25,East,25.84,24.96,-0.023,0.285,512.8,10.31,9.51,79.07,320.87
2021-10-25,West,31.97,24.34,-0.02,0.293,504.02,10.42,9.79,79.92,329.04
2021-10-25,Central,32.16,24.23,-0.003,0.279,511.51,9.94,9.31,79.83,325.38
2021-10-26,North,33.45,23.91,0.012,0.294,512.99,10.76,9.45,81.42,331.52
2021-10-26,South,27.84,24.55,-0.028,0.271,507.93,10.11,9.34,80.74,326.42
2021-10-26,East,25.91,24.71,-0.035,0.256,511.56,10.43,9.19,79.37,320.0
2021-10-26,West,31.49,24.16,-0.02,0.289,505.86,10.59,9.7,80.45,326.84
2021-10-26,Central,31.13,23.92,-0.03,0.272,509.99,10.09,9.59,79.76,323.87
2021-10-27,North,32.11,23.86,0.038,0.286,517.26,10.79,9.52,81.61,331.68
2021-10-27,South,29.5,24.6,0.016,0.266,506.68,10.27,9.34,80.85,327.35
2021-10-27,East,25.55,24.76,0.001,0.254,510.23,10.46,9.33,79.39,319.86
2021-10-27,West,30.9,24.13,0.039,0.283,501.77,10.58,9.54,80.32,326.27
2021-10-27,Central,30.99,24.28,0.012,0.263,510.91,10.23,9.49,80.16,323.29
2021-10-28,North,36.69,24.38,0.032,0.309,518.86,10.68,9.58,81.87,332.86
2021-10-28,South,34.09,24.78,0.048,0.311,506.67,10.32,9.38,80.77,327.21
2021-10-28,East,30.25,25.17,-0.019,0.297,511.58,10.38,9.38,79.13,321.79
2021-10-28,West,34.27,24.45,0.004,0.302,506.71,10.56,9.6,81.0,326.88
2021-10-28,Central,35.41,24.41,0.028,0.296,510.8,10.27,9.2,79.8,324.95
2021-10-29,North,35.11,24.05,0.03,0.304,513.79,10.47,9.21,81.89,331.15
2021-10-29,South,30.8,24.75,0.032,0.281,507.58,10.35,9.45,81.27,325.99
2021-10-29,East,28.08,24.87,-0.008,0.263,510.69,10.6,9.3,80.1,320.49
2021-10-29,West,33.4,24.25,0.013,0.294,502.42,10.3,9.66,80.59,326.76
2021-10-29,Central,34.38,24.23,-0.013,0.276,512.39,10.24,9.15,80.03,324.29
2021-10-30,North,33.43,24.24,0.036,0.266,518.95,10.7,9.47,81.9,331.71
2021-10-30,South,29.99,24.78,0.037,0.282,508.06,10.25,9.52,81.39,326.77
2021-10-30,East,27.23,25.0,-0.015,0.244,512.19,10.39,9.35,79.43,320.3
2021-10-30,West,33.36,24.32,-0.004,0.269,504.37,10.55,9.4,80.61,326.42
2021-10-30,Central,32.51,24.31,-0.01,0.257,512.68,10.3,9.32,79.93,323.14
2021-10-31,North,37.05,24.09,0.005,0.262,516.74,10.67,9.29,81.5,331.75
2021-10-31,South,33.18,24.69,0.007,0.229,508.04,10.53,9.42,80.85,325.63
2021-10-31,East,29.89,25.02,-0.05,0.21,513.31,10.41,9.43,79.45,319.96
2021-10-31,West,34.69,24.36,-0.009,0.238,504.26,10.69,9.67,80.29,326.18
2021-10-31,Central,33.77,24.31,-0.025,0.247,510.55,10.26,9.22,79.94,323.06
2021-11-01,North,35.28,24.19,-0.011,0.209,521.96,10.63,9.42,81.22,330.47
2021-11-01,South,32.53,24.82,-0.023,0.204,511.01,10.68,9.52,81.21,327.76
2021-11-01,East,28.79,25.16,-0.055,0.218,510.36,10.33,9.16,79.42,318.86
2021-11-01,West,33.5,24.27,-0.038,0.219,505.3,10.63,9.64,80.31,326.81
2021-11-01,Central,34.77,24.32,-0.053,0.208,507.76,10.3,9.29,79.6,323.84
2021-11-02,North,39.29,23.99,0.013,0.198,519.66,10.59,9.35,81.81,332.56
2021-11-02,South,34.92,24.72,-0.018,0.219,503.56,10.44,9.63,80.77,328.12
2021-11-02,East,32.29,24.9,-0.005,0.176,510.54,10.43,9.48,79.35,321.52
2021-11-02,West,37.81,24.36,0.001,0.213,506.09,10.51,9.59,80.31,329.01
2021-11-02,Central,38.54,24.13,-0.034,0.193,509.9,10.35,9.36,80.28,325.4
2021-11-03,North,36.88,23.95,-0.005,0.21,518.98,10.71,9.4,82.02,330.04
2021-11-03,South,32.76,24.61,-0.009,0.216,507.09,10.39,9.45,80.79,327.21
2021-11-03,East,29.71,24.88,-0.041,0.19,515.23,10.63,9.52,79.74,319.85
2021-11-03,West,35.63,24.25,-0.021,0.201,506.52,10.44,9.7,80.05,326.53
2021-11-03,Central,37.28,24.25,-0.03,0.215,509.78,10.04,9.32,79.63,323.55
2021-11-04,North,37.16,24.19,-0.001,0.229,520.58,10.49,9.62,81.71,332.28
2021-11-04,South,35.31,24.78,-0.026,0.216,507.95,10.54,9.46,81.22,327.84
2021-11-04,East,31.27,24.98,-0.046,0.214,513.22,10.49,9.43,79.56,320.28
2021-11-04,West,37.29,24.39,-0.033,0.248,503.8,10.65,9.59,80.76,327.46
2021-11-04,Central,36.1,24.35,-0.02,0.22,506.32,10.07,9.07,80.17,325.26
2021-11-05,North,35.07,24.07,0.017,0.27,517.48,10.78,9.43,82.65,331.68
2021-11-05,South,31.85,24.96,0.002,0.258,505.74,10.16,9.34,81.42,327.42
2021-11-05,East,27.67,25.15,-0.013,0.24,513.1,10.52,9.09,79.69,320.97
2021-11-05,West,34.28,24.57,-0.007,0.251,508.9,10.59,9.59,80.86,327.23
2021-11-05,Central,36.31,24.45,-0.005,0.247,510.15,10.2,9.3,80.7,325.66
2021-11-06,North,37.07,24.26,0.043,0.243,515.79,10.69,9.55,81.88,330.8
2021-11-06,South,30.82,25.18,0.043,0.225,508.09,10.5,9.48,81.23,328.65
2021-11-06,East,27.88,25.31,0.005,0.222,513.9,10.39,9.03,80.06,321.84
2021-11-06,West,33.09,24.79,0.018,0.225,504.28,10.71,9.65,80.83,327.79
2021-11-06,Central,34.03,24.52,0.007,0.232,510.87,10.42,9.21,80.04,324.86
2021-11-07,North,35.12,24.61,0.049,0.211,518.83,10.59,9.21,82.13,332.01
2021-11-07,South,29.02,25.38,0.04,0.237,508.11,10.43,9.4,81.45,327.78
2021-11-07,East,28.57,25.41,-0.012,0.207,512.69,10.53,9.19,80.34,321.62
2021-11-07,West,32.67,24.87,0.026,0.236,503.84,10.76,9.62,81.19,327.96
2021-11-07,Central,34.9,24.79,0.02,0.211,514.33,10.34,9.2,80.42,325.47
2021-11-08,North,35.68,24.57,0.032,0.251,518.19,10.58,9.31,82.04,332.14
2021-11-08,South,31.85,25.36,0.035,0.246,510.17,10.21,9.21,81.53,328.33
2021-11-08,East,27.61,25.61,-0.004,0.222,514.03,10.54,9.3,80.06,322.17
2021-11-08,West,32.99,25.07,0.022,0.245,507.86,10.59,9.58,80.61,327.74
2021-11-08,Central,35.46,24.72,0.0,0.232,512.33,10.35,9.17,80.5,325.8
2021-11-09,North,36.13,24.8,0.033,0.279,520.07,10.66,9.45,82.38,332.99
2021-11-09,South,30.87,25.53,0.034,0.283,511.31,10.32,9.31,81.65,327.84
2021-11-09,East,28.8,25.77,-0.01,0.258,511.67,10.45,9.11,80.4,321.23
2021-11-09,West,33.41,25.21,0.006,0.251,506.55,10.67,9.34,81.26,326.79
2021-11-09,Central,36.17,24.98,-0.013,0.256,512.55,10.25,9.19,81.05,325.94
2021-11-10,North,39.34,24.95,0.021,0.246,520.03,10.86,9.22,82.28,331.88
2021-11-10,South,33.85,25.59,0.01,0.262,506.85,10.41,9.19,81.58,327.54
2021-11-10,East,30.62,25.82,-0.014,0.266,514.9,10.52,9.17,80.12,321.25
2021-11-10,West,33.92,25.19,-0.005,0.249,504.94,10.67,9.57,81.15,327.55
2021-11-10,Central,36.6,25.02,-0.012,0.253,512.29,10.22,9.22,80.82,324.86
2021-11-11,North,36.32,24.97,0.023,0.26,518.92,10.63,9.37,82.13,332.89
2021-11-11,South,34.25,25.74,-0.005,0.258,509.54,10.18,9.3,81.56,329.49
2021-11-11,East,30.48,25.77,-0.026,0.216,513.26,10.75,9.22,80.54,322.29
2021-11-11,West,33.81,25.2,-0.016,0.261,507.67,10.46,9.64,80.83,327.55
2021-11-11,Central,38.24,25.15,-0.006,0.233,512.42,10.48,9.41,80.76,325.47
2021-11-12,North,36.64,24.81,0.013,0.252,519.81,10.64,9.46,82.39,332.3
2021-11-12,South,31.89,25.67,-0.008,0.275,511.54,10.43,9.3,81.81,329.44
2021-11-12,East,28.78,25.77,-0.033,0.277,514.75,10.55,9.48,80.85,322.56
2021-11-12,West,33.5,25.14,-0.036,0.277,507.75,10.47,9.69,81.34,328.06
2021-11-12,Central,35.48,24.96,-0.022,0.259,511.76,10.7,9.1,80.84,326.08
2021-11-13,North,38.82,24.78,0.008,0.26,521.81,10.81,9.36,82.6,333.64
2021-11-13,South,36.18,25.63,-0.022,0.257,506.48,10.45,9.21,81.56,331.0
2021-11-13,East,32.06,25.65,-0.038,0.227,515.15,10.76,9.32,80.42,322.78
2021-11-13,West,38.37,25.21,-0.023,0.247,508.56,10.68,9.47,81.55,329.28
2021-11-13,Central,38.05,24.9,-0.038,0.235,515.25,10.78,8.95,81.09,326.32
2021-11-14,North,40.14,24.75,-0.013,0.255,521.14,10.87,9.5,82.69,333.3
2021-11-14,South,35.98,25.69,-0.017,0.248,510.46,10.52,9.12,81.68,329.17
2021-11-14,East,31.69,25.61,-0.054,0.256,515.34,10.46,9.12,80.45,321.8
2021-11-14,West,38.87,25.09,-0.04,0.25,507.22,10.63,9.57,81.23,328.68
2021-11-14,Central,38.71,24.83,-0.034,0.253,516.06,10.32,9.35,80.81,326.76
2021-11-15,North,38.32,25.0,-0.016,0.296,521.06,10.7,9.45,82.83,332.93
2021-11-15,South,33.43,25.53,-0.04,0.296,508.02,10.28,9.28,81.61,328.37
2021-11-15,East,30.74,25.74,-0.08,0.31,512.81,10.76,9.23,80.46,322.42
2021-11-15,West,35.15,25.14,-0.035,0.267,507.84,10.73,9.72,81.42,329.76
2021-11-15,Central,34.75,25.13,-0.077,0.291,511.04,10.48,9.2,80.81,324.81
2021-11-16,North,34.55,24.78,-0.013,0.316,520.92,10.65,9.52,82.82,331.14
2021-11-16,South,31.57,25.57,-0.048,0.302,510.44,10.7,9.31,82.04,328.25
2021-11-16,East,29.58,25.63,-0.061,0.285,514.75,10.72,9.21,80.98,322.11
2021-11-16,West,36.53,24.96,-0.051,0.285,509.66,10.78,9.56,81.88,327.86
2021-11-16,Central,35.32,25.08,-0.062,0.281,514.52,10.48,9.28,81.11,325.57
2021-11-17,North,34.72,24.96,0.003,0.294,526.27,10.89,9.48,83.26,331.79
2021-11-17,South,31.89,25.54,-0.016,0.278,511.24,10.62,9.45,82.34,328.33
2021-11-17,East,27.1,25.64,-0.05,0.273,517.24,10.55,9.24,80.63,320.49
2021-11-17,West,33.92,25.11,-0.034,0.296,508.51,10.74,9.44,81.64,326.97
2021-11-17,Central,32.64,24.88,-0.044,0.26,512.83,10.48,9.07,81.32,325.19
2021-11-18,North,36.52,24.85,0.016,0.281,521.93,11.04,9.5,83.13,333.73
2021-11-18,South,32.26,25.48,0.004,0.279,513.09,10.31,9.42,82.27,328.12
2021-11-18,East,29.03,25.6,-0.023,0.278,517.71,10.46,9.31,81.23,322.47
2021-11-18,West,32.32,25.12,-0.014,0.295,508.53,11.01,9.41,82.23,327.92
2021-11-18,Central,34.79,25.05,-0.013,0.281,512.87,10.54,9.23,81.51,324.32
2021-11-19,North,36.47,24.89,0.017,0.287,522.46,11.05,9.51,83.09,335.11
2021-11-19,South,31.9,25.69,-0.004,0.275,514.14,10.61,9.19,82.33,329.98
2021-11-19,East,26.43,25.76,-0.011,0.246,514.75,10.42,9.38,81.06,323.09
2021-11-19,West,33.86,25.19,-0.015,0.242,506.77,10.59,9.6,82.12,330.6
2021-11-19,Central,34.89,24.99,-0.026,0.296,517.12,10.66,9.37,81.71,326.79
2021-11-20,North,34.73,24.95,0.025,0.265,521.91,10.77,9.3,83.18,336.0
2021-11-20,South,32.69,25.8,0.013,0.242,514.19,10.43,9.33,82.75,330.57
2021-11-20,East,29.02,25.89,-0.02,0.24,519.68,10.72,9.45,80.88,324.52
2021-11-20,West,35.2,25.49,-0.014,0.236,509.9,10.81,9.73,82.29,330.75
2021-11-20,Central,35.03,25.29,-0.011,0.211,516.66,10.53,9.33,81.31,329.32
2021-11-21,North,34.26,25.21,0.015,0.269,524.31,10.81,9.54,83.46,336.43
2021-11-21,South,32.16,25.84,0.026,0.262,510.23,10.41,9.4,82.64,333.09
2021-11-21,East,27.89,26.15,-0.02,0.24,516.88,10.8,9.23,81.08,326.88
2021-11-21,West,32.5,25.62,0.022,0.237,509.03,10.73,9.58,82.15,331.79
2021-11-21,Central,33.93,25.45,0.001,0.246,512.12,10.53,9.3,81.42,328.97
2021-11-22,North,36.15,25.23,0.045,0.307,517.72,10.94,9.61,83.21,338.33
2021-11-22,South,31.13,26.09,0.019,0.3,509.69,10.56,9.34,82.73,334.1
2021-11-22,East,29.4,26.18,-0.03,0.279,516.46,10.66,9.41,81.28,327.43
2021-11-22,West,34.55,25.61,0.011,0.259,509.87,10.91,9.49,81.95,332.62
2021-11-22,Central,36.63,25.47,0.003,0.241,516.47,10.42,9.36,81.7,329.99
2021-11-23,North,34.58,25.04,0.046,0.263,521.2,10.97,9.64,83.68,336.7
2021-11-23,South,30.36,25.69,0.042,0.259,514.22,10.66,9.55,83.05,333.19
2021-11-23,East,28.52,25.83,0.004,0.249,520.17,10.67,9.24,81.78,325.97
2021-11-23,West,31.96,25.3,0.014,0.255,511.69,10.66,9.38,82.43,331.96
2021-11-23,Central,35.13,25.24,0.013,0.277,515.31,10.61,9.24,81.96,329.37
2021-11-24,North,33.23,24.96,0.044,0.266,523.13,10.92,9.36,83.75,338.23
2021-11-24,South,31.14,25.85,0.048,0.255,513.71,10.57,9.21,82.99,333.17
2021-11-24,East,25.97,25.81,0.015,0.245,517.78,10.86,9.16,81.46,325.85
2021-11-24,West,30.92,25.43,0.034,0.267,513.38,10.97,9.42,82.51,332.66
2021-11-24,Central,32.49,25.22,0.04,0.262,517.52,10.52,9.59,81.9,328.99
2021-11-25,North,34.1,24.86,0.078,0.238,525.0,10.73,9.66,83.66,337.24
2021-11-25,South,31.01,25.75,0.045,0.238,518.49,10.84,9.54,82.51,334.35
2021-11-25,East,28.24,25.73,0.018,0.23,516.74,10.66,9.4,81.19,328.24
2021-11-25,West,31.07,25.1,0.051,0.25,510.37,10.67,9.52,82.13,332.92
2021-11-25,Central,33.43,25.07,0.039,0.239,515.2,10.41,9.35,81.94,330.25
2021-11-26,North,35.76,24.77,0.052,0.237,526.56,10.78,9.66,83.37,338.19
2021-11-26,South,31.28,25.4,0.061,0.252,515.73,10.71,9.34,82.68,335.39
2021-11-26,East,27.25,25.84,0.037,0.199,519.09,10.7,9.31,81.54,327.44
2021-11-26,West,33.23,25.16,0.053,0.251,511.56,10.71,9.5,82.75,335.06
2021-11-26,Central,34.23,25.09,0.042,0.243,515.07,10.52,9.21,81.92,332.54
2021-11-27,North,35.92,25.1,0.034,0.224,524.8,10.89,9.56,83.82,339.03
2021-11-27,South,31.67,25.71,0.044,0.249,512.65,10.35,9.67,82.74,335.86
2021-11-27,East,29.31,25.86,0.021,0.224,518.17,10.64,9.38,81.55,327.42
2021-11-27,West,36.38,25.27,0.023,0.224,511.11,11.04,9.52,82.52,335.4
2021-11-27,Central,34.11,25.2,0.031,0.213,515.97,10.63,9.4,82.21,332.05
2021-11-28,North,35.84,25.17,0.041,0.223,522.3,10.66,9.78,83.64,339.11
2021-11-28,South,29.52,25.69,0.027,0.216,512.86,10.59,9.38,83.19,334.93
2021-11-28,East,28.28,25.95,0.001,0.189,518.8,10.8,9.26,81.76,329.4
2021-11-28,West,32.69,25.41,0.023,0.209,508.67,11.03,9.78,82.3,334.2
2021-11-28,Central,33.93,25.25,0.014,0.201,514.84,10.47,9.5,81.95,329.9
2021-11-29,North,38.09,24.99,0.044,0.247,525.09,11.02,9.37,83.83,340.16
2021-11-29,South,31.52,25.83,0.041,0.24,507.42,10.72,9.54,83.23,335.82
2021-11-29,East,28.69,25.92,-0.006,0.228,518.39,10.52,9.23,81.85,327.34
2021-11-29,West,33.62,25.14,0.014,0.24,507.43,11.02,9.51,82.49,334.23
2021-11-29,Central,35.3,25.31,0.001,0.232,517.55,10.39,9.42,82.25,332.61
2021-11-30,North,34.39,24.93,0.011,0.26,522.6,10.95,9.56,83.99,339.56
2021-11-30,South,30.51,25.68,0.045,0.259,515.2,10.65,9.53,83.61,336.7
2021-11-30,East,28.69,25.65,-0.004,0.244,522.92,10.95,9.5,82.01,328.83
2021-11-30,West,34.14,25.25,-0.009,0.266,511.99,10.62,9.75,83.11,335.49
2021-11-30,Central,35.46,25.01,-0.006,0.262,514.47,10.59,9.44,82.65,333.96
2021-12-01,North,34.87,24.85,0.006,0.258,524.64,11.0,9.81,84.6,338.92
2021-12-01,South,31.25,25.63,0.017,0.267,514.95,10.64,9.48,83.32,335.2
2021-12-01,East,26.38,25.78,-0.012,0.261,523.55,10.79,9.36,82.03,328.29
2021-12-01,West,32.18,25.25,-0.016,0.255,512.84,10.94,9.53,83.01,334.65
2021-12-01,Central,32.88,25.07,-0.018,0.261,520.05,10.69,9.27,82.56,330.49
2021-12-02,North,33.88,24.79,0.047,0.269,523.93,10.97,9.43,84.42,340.78
2021-12-02,South,29.47,25.38,0.009,0.302,515.52,10.58,9.38,83.69,337.01
2021-12-02,East,25.95,25.62,-0.016,0.29,516.29,10.91,9.38,82.21,329.24
2021-12-02,West,30.69,25.1,0.022,0.294,511.14,10.94,9.68,83.13,336.51
2021-12-02,Central,33.18,24.93,0.006,0.274,518.84,10.59,9.29,82.64,332.49
2021-12-03,North,37.02,24.71,0.061,0.287,525.87,10.99,9.73,84.38,341.13
2021-12-03,South,32.32,25.43,0.047,0.288,518.93,10.65,9.57,83.64,338.31
2021-12-03,East,29.1,25.68,0.003,0.297,521.93,10.88,9.45,82.43,330.69
2021-12-03,West,33.32,25.21,0.023,0.29,512.35,11.01,9.58,83.13,337.11
2021-12-03,Central,35.45,25.03,0.041,0.293,518.01,10.67,9.28,82.49,335.12
2021-12-04,North,37.88,24.82,0.037,0.308,528.07,10.97,9.68,84.7,340.6
2021-12-04,South,33.31,25.47,0.031,0.27,516.32,10.77,9.69,83.9,337.41
2021-12-04,East,30.08,25.78,-0.016,0.287,518.95,10.63,9.33,82.99,330.21
2021-12-04,West,34.4,25.02,0.025,0.289,514.29,10.76,9.8,83.21,336.99
2021-12-04,Central,35.33,25.01,0.022,0.282,517.78,10.66,9.54,83.18,333.91
2021-12-05,North,36.53,24.96,0.057,0.3,527.15,10.61,9.76,84.4,341.62
2021-12-05,South,33.82,25.81,0.049,0.291,517.1,10.69,9.52,83.6,338.2
2021-12-05,East,31.8,25.91,0.019,0.288,519.26,10.79,9.54,82.73,332.0
2021-12-05,West,35.46,25.31,0.023,0.275,512.5,10.53,9.7,83.46,336.55
2021-12-05,Central,35.59,25.15,0.035,0.287,519.02,10.31,9.42,83.03,333.7
2021-12-06,North,40.58,25.08,0.045,0.296,525.68,10.83,9.75,84.63,341.31
2021-12-06,South,35.67,25.78,0.036,0.288,517.25,10.99,9.49,84.42,335.75
2021-12-06,East,31.89,26.0,0.007,0.28,521.43,10.9,9.45,81.95,330.54
2021-12-06,West,37.53,25.37,0.02,0.283,512.74,10.93,9.94,83.68,336.91
2021-12-06,Central,39.19,25.28,0.01,0.267,521.11,10.54,9.54,82.68,334.54
2021-12-07,North,45.0,24.79,0.038,0.286,530.35,10.91,9.53,84.37,343.87
2021-12-07,South,39.34,25.57,0.028,0.298,519.32,10.68,9.68,83.97,340.14
2021-12-07,East,36.42,25.62,-0.0,0.285,521.19,10.82,9.53,82.41,332.27
2021-12-07,West,41.15,25.2,0.023,0.27,515.14,10.86,9.94,83.29,338.11
2021-12-07,Central,44.57,24.99,-0.001,0.272,519.76,10.51,9.57,82.87,336.13
2021-12-08,North,40.75,24.9,0.027,0.302,524.49,10.91,9.79,84.99,342.69
2021-12-08,South,36.07,25.56,0.035,0.317,520.08,10.57,9.62,84.23,337.61
2021-12-08,East,33.44,25.84,0.006,0.291,520.15,10.95,9.65,82.48,331.09
2021-12-08,West,39.61,25.25,0.035,0.289,515.68,10.58,9.97,83.78,337.5
2021-12-08,Central,40.71,25.01,0.02,0.277,522.13,10.65,9.33,83.31,333.57
2021-12-09,North,39.86,24.8,0.054,0.306,528.7,11.09,9.82,85.01,340.77
2021-12-09,South,35.41,25.65,0.051,0.287,516.11,10.66,9.85,83.56,337.84
2021-12-09,East,33.06,25.93,0.034,0.28,523.11,10.74,9.6,82.83,330.47
2021-12-09,West,36.45,25.18,0.036,0.261,514.4,10.61,9.96,83.75,336.5
2021-12-09,Central,39.75,25.28,0.029,0.273,519.64,10.67,9.54,83.23,334.46
2021-12-10,North,39.58,25.0,0.047,0.261,526.71,10.97,10.04,84.69,341.96
2021-12-10,South,32.6,25.68,0.045,0.249,518.31,10.82,9.7,84.19,336.57
2021-12-10,East,31.43,25.98,-0.01,0.251,524.94,10.98,9.84,83.02,330.78
2021-12-10,West,35.8,25.41,0.013,0.245,518.22,10.82,9.93,83.84,336.77
2021-12-10,Central,37.91,25.12,0.015,0.266,522.94,10.56,9.79,83.39,333.08
2021-12-11,North,38.92,25.24,0.062,0.263,526.28,10.86,9.7,84.81,341.04
2021-12-11,South,33.42,26.09,0.068,0.272,515.78,10.61,9.79,84.13,337.47
2021-12-11,East,29.14,26.28,0.027,0.241,521.95,10.74,9.54,82.99,330.15
2021-12-11,West,35.43,25.62,0.062,0.247,513.6,10.87,9.95,84.02,337.22
2021-12-11,Central,37.13,25.47,0.054,0.239,520.58,10.94,9.7,83.58,334.28
2021-12-12,North,35.55,24.91,0.062,0.265,528.6,11.02,9.78,84.71,341.27
2021-12-12,South,31.48,25.58,0.049,0.244,518.74,10.86,9.53,84.15,335.46
2021-12-12,East,29.2,25.87,0.039,0.214,524.43,10.7,9.47,83.0,330.13
2021-12-12,West,33.15,25.31,0.051,0.241,517.54,11.04,10.04,83.84,336.52
2021-12-12,Central,36.74,25.14,0.031,0.22,524.06,10.53,9.63,83.25,334.96
2021-12-13,North,37.57,25.13,0.068,0.234,529.56,11.15,9.79,85.18,339.51
2021-12-13,South,31.75,25.66,0.059,0.212,519.64,10.66,9.84,84.37,335.5
2021-12-13,East,30.19,26.06,0.048,0.201,520.34,10.73,9.57,82.44,327.82
2021-12-13,West,32.5,25.37,0.056,0.238,515.11,10.96,9.89,83.72,334.12
2021-12-13,Central,36.18,25.18,0.036,0.188,524.15,10.46,9.65,83.35,332.52
2021-12-14,North,35.53,25.3,0.051,0.242,530.42,11.03,9.89,84.74,339.47
2021-12-14,South,29.16,25.76,0.055,0.223,519.29,10.63,9.68,83.78,335.58
2021-12-14,East,27.89,26.1,0.008,0.195,525.59,10.74,9.53,82.75,328.13
2021-12-14,West,31.62,25.28,0.037,0.217,518.02,10.94,10.09,83.4,334.62
2021-12-14,Central,33.3,25.35,0.035,0.2,520.34,10.42,9.57,83.1,332.32
2021-12-15,North,35.54,24.94,0.048,0.242,530.96,11.13,9.84,85.26,341.01
2021-12-15,South,31.8,25.62,0.069,0.253,515.75,10.84,10.01,84.03,337.14
2021-12-15,East,30.84,25.92,0.032,0.217,525.85,10.87,9.57,83.17,331.21
2021-12-15,West,33.12,25.36,0.047,0.236,517.84,11.1,9.81,83.43,337.68
2021-12-15,Central,36.13,25.15,0.025,0.242,523.72,10.65,9.47,83.97,334.35
2021-12-16,North,37.02,25.07,0.087,0.32,532.54,11.0,9.7,85.41,342.31
2021-12-16,South,32.08,25.98,0.079,0.295,518.7,10.63,9.89,84.29,339.66
2021-12-16,East,29.53,26.03,0.043,0.289,522.83,10.91,9.68,83.23,332.36
2021-12-16,West,34.37,25.53,0.055,0.303,516.69,11.11,10.02,83.68,338.4
2021-12-16,Central,36.71,25.3,0.06,0.292,523.26,10.62,9.81,83.73,336.43
2021-12-17,North,37.44,25.25,0.098,0.315,533.23,11.22,9.95,85.24,343.22
2021-12-17,South,32.33,26.07,0.097,0.282,523.87,10.73,9.92,85.19,338.96
2021-12-17,East,30.38,26.13,0.042,0.273,523.91,10.68,9.71,83.37,332.21
2021-12-17,West,37.27,25.55,0.058,0.31,516.67,10.96,10.19,84.47,339.36
2021-12-17,Central,36.3,25.41,0.056,0.304,522.26,10.67,9.61,83.48,336.42
2021-12-18,North,38.96,25.37,0.115,0.283,534.46,10.93,10.06,84.87,344.18
2021-12-18,South,36.3,25.95,0.129,0.266,520.94,10.88,10.02,84.67,339.11
2021-12-18,East,32.88,26.23,0.111,0.263,524.15,11.12,9.8,83.16,333.63
2021-12-18,West,37.13,25.78,0.118,0.254,515.5,10.85,10.02,84.33,340.07
2021-12-18,Central,37.53,25.8,0.097,0.26,525.52,10.77,9.7,84.41,336.27
2021-12-19,North,41.72,25.44,0.141,0.267,526.26,11.14,9.85,85.61,345.72
2021-12-19,South,37.21,26.15,0.145,0.251,520.56,10.61,9.85,84.71,340.66
2021-12-19,East,32.26,26.12,0.083,0.236,526.43,10.52,9.81,83.47,333.4
2021-12-19,West,39.35,25.62,0.125,0.251,519.4,10.84,10.2,84.44,340.37
2021-12-19,Central,40.32,25.75,0.108,0.24,528.64,10.52,9.79,84.31,338.08
2021-12-20,North,40.71,25.55,0.152,0.255,532.92,10.99,9.95,86.03,344.9
2021-12-20,South,36.27,26.33,0.14,0.238,525.29,10.74,9.63,85.17,340.95
2021-12-20,East,33.88,26.32,0.086,0.236,525.46,10.95,10.07,83.5,334.72
2021-12-20,West,38.05,26.01,0.137,0.24,522.97,10.86,10.14,84.56,340.52
2021-12-20,Central,39.26,25.66,0.139,0.277,523.7,10.59,9.71,84.61,337.67
2021-12-21,North,44.12,25.74,0.171,0.266,530.19,11.27,10.14,85.78,347.36
2021-12-21,South,40.91,26.39,0.142,0.274,522.45,10.71,9.9,84.83,342.64
2021-12-21,East,36.89,26.51,0.113,0.251,526.85,10.78,9.79,83.24,335.64
2021-12-21,West,41.59,25.87,0.122,0.234,523.91,10.92,10.3,84.43,342.76
2021-12-21,Central,42.65,25.76,0.108,0.285,523.9,10.75,9.88,84.04,339.36
2021-12-22,North,44.34,25.8,0.16,0.258,536.58,11.0,9.83,85.68,346.45
2021-12-22,South,38.97,26.32,0.149,0.25,522.22,10.66,10.07,85.15,343.6
2021-12-22,East,36.42,26.66,0.132,0.235,528.34,10.93,9.84,83.78,335.89
2021-12-22,West,39.81,25.93,0.132,0.244,521.92,11.04,10.12,84.48,341.95
2021-12-22,Central,40.83,25.82,0.113,0.254,528.46,10.74,9.84,83.95,339.32
2021-12-23,North,41.58,25.79,0.155,0.264,536.98,11.0,10.41,85.54,345.0
2021-12-23,South,37.33,26.46,0.137,0.238,526.5,10.69,9.85,85.55,341.46
2021-12-23,East,34.01,26.73,0.095,0.23,524.07,10.88,9.95,83.97,334.21
2021-12-23,West,38.02,26.1,0.138,0.247,518.5,11.01,10.31,84.64,339.96
2021-12-23,Central,40.33,25.96,0.11,0.222,526.14,10.75,10.13,84.42,337.1
2021-12-24,North,40.55,25.96,0.149,0.198,532.46,11.15,9.81,86.07,344.82
2021-12-24,South,36.27,26.27,0.168,0.196,520.14,10.65,9.68,85.18,340.37
2021-12-24,East,33.47,26.6,0.13,0.194,526.64,10.94,10.05,83.89,333.94
2021-12-24,West,37.97,26.16,0.166,0.192,519.6,10.86,10.29,84.78,339.2
2021-12-24,Central,40.22,26.13,0.136,0.179,529.17,10.71,9.95,84.56,336.51
2021-12-25,North,38.04,25.68,0.172,0.238,533.82,10.93,10.32,86.43,344.32
2021-12-25,South,31.82,26.45,0.161,0.21,523.05,10.79,10.04,85.74,338.79
2021-12-25,East,30.8,26.55,0.139,0.197,530.19,11.04,9.98,83.9,333.49
2021-12-25,West,35.19,26.04,0.17,0.222,525.01,11.05,10.26,85.33,340.2
2021-12-25,Central,36.36,25.98,0.14,0.204,520.91,10.68,9.88,84.47,337.42
2021-12-26,North,39.9,25.71,0.176,0.208,531.63,11.14,10.29,86.13,343.51
2021-12-26,South,32.89,26.54,0.182,0.208,523.94,10.88,10.11,85.44,340.45
2021-12-26,East,34.51,26.64,0.125,0.179,530.14,10.85,10.04,83.99,333.5
2021-12-26,West,35.7,26.06,0.164,0.193,521.94,11.13,10.1,84.78,339.97
2021-12-26,Central,37.95,25.81,0.152,0.2,529.08,10.77,9.98,84.23,337.19
2021-12-27,North,38.48,25.65,0.194,0.245,533.99,10.89,10.35,86.56,345.26
2021-12-27,South,36.23,26.55,0.175,0.2,525.18,10.73,10.05,85.38,341.41
2021-12-27,East,31.54,26.66,0.14,0.216,529.01,10.99,9.72,84.31,333.55
2021-12-27,West,37.53,26.03,0.178,0.212,521.52,10.77,10.16,85.4,339.9
2021-12-27,Central,38.43,26.02,0.173,0.211,525.63,10.64,10.05,84.27,338.57
2021-12-28,North,38.54,25.77,0.22,0.196,532.22,11.08,10.27,86.16,344.56
2021-12-28,South,35.26,26.58,0.214,0.183,525.28,10.61,10.08,85.58,341.11
2021-12-28,East,32.3,26.63,0.185,0.169,531.03,10.74,9.99,84.45,334.81
2021-12-28,West,37.79,26.16,0.202,0.151,520.99,11.15,10.26,84.96,341.06
2021-12-28,Central,36.97,26.05,0.189,0.171,527.89,10.66,9.86,85.02,337.22
2021-12-29,North,43.12,26.07,0.222,0.19,537.23,11.04,10.31,87.03,345.23
2021-12-29,South,39.54,26.79,0.216,0.179,524.67,10.73,10.03,85.97,340.95
2021-12-29,East,35.02,26.83,0.17,0.177,528.74,11.01,9.99,84.44,334.17
2021-12-29,West,40.36,26.26,0.211,0.18,526.39,11.01,10.2,85.25,341.31
2021-12-29,Central,41.85,26.08,0.203,0.185,525.46,10.77,10.06,84.83,338.26
2021-12-30,North,42.8,25.89,0.225,0.206,537.48,11.07,10.28,86.59,345.95
2021-12-30,South,39.63,26.43,0.219,0.183,522.8,10.77,10.31,86.01,342.12
2021-12-30,East,38.83,26.92,0.177,0.166,530.94,10.75,10.15,84.6,335.9
2021-12-30,West,40.69,26.11,0.182,0.196,524.44,11.04,10.39,84.94,341.3
2021-12-30,Central,41.43,26.03,0.175,0.162,527.65,10.67,10.16,85.46,339.01
2021-12-31,North,46.27,25.86,0.229,0.168,534.13,11.16,10.29,86.63,346.18
2021-12-31,South,39.53,26.47,0.25,0.187,528.44,10.65,10.23,86.22,342.52
2021-12-31,East,38.54,26.79,0.21,0.16,531.37,10.85,9.98,84.98,335.98
2021-12-31,West,42.33,26.13,0.211,0.162,522.42,11.05,10.3,85.96,341.32
2021-12-31,Central,43.39,26.05,0.225,0.167,527.65,10.59,10.0,85.26,338.82
2022-01-01,North,43.34,26.18,0.265,0.21,539.15,11.02,10.14,87.56,346.43
2022-01-01,South,41.45,26.83,0.24,0.221,524.36,10.92,10.16,86.63,342.72
2022-01-01,East,35.7,26.97,0.22,0.185,530.73,10.69,9.98,85.5,336.2
2022-01-01,West,43.65,26.39,0.234,0.197,520.44,10.91,10.49,85.94,341.47
2022-01-01,Central,42.7,26.36,0.238,0.189,526.33,10.64,10.04,85.62,339.65
2022-01-02,North,42.45,25.98,0.253,0.232,536.98,11.01,10.27,87.72,346.77
2022-01-02,South,37.2,26.59,0.237,0.225,524.61,10.87,10.18,86.59,342.71
2022-01-02,East,35.04,26.95,0.225,0.212,530.8,10.73,9.88,85.1,335.17
2022-01-02,West,39.8,26.33,0.231,0.226,527.24,10.82,10.15,86.15,341.82
2022-01-02,Central,41.63,26.27,0.233,0.224,527.9,10.86,9.66,85.86,339.47
2022-01-03,North,41.03,26.11,0.249,0.24,533.45,11.03,10.32,87.92,347.53
2022-01-03,South,38.35,26.71,0.248,0.265,525.66,10.89,9.98,87.04,344.54
2022-01-03,East,34.46,26.93,0.211,0.24,531.93,10.87,10.19,85.34,337.08
2022-01-03,West,41.09,26.12,0.238,0.286,526.1,11.0,10.35,86.44,343.6
2022-01-03,Central,39.76,26.18,0.225,0.242,532.56,10.64,9.93,86.19,340.52
2022-01-04,North,42.01,26.01,0.254,0.268,536.97,11.15,10.17,87.87,349.54
2022-01-04,South,41.51,26.7,0.248,0.255,524.72,10.65,10.05,87.2,344.8
2022-01-04,East,37.19,26.89,0.21,0.263,528.03,10.81,9.94,85.81,337.95
2022-01-04,West,39.68,26.48,0.246,0.276,525.02,10.97,10.57,87.23,344.11
2022-01-04,Central,41.66,26.23,0.213,0.266,529.9,10.47,10.1,86.34,341.5
2022-01-05,North,41.07,26.1,0.276,0.308,539.31,10.96,10.22,88.28,347.38
2022-01-05,South,37.14,26.87,0.25,0.302,526.87,10.68,10.03,87.28,344.96
2022-01-05,East,33.38,27.14,0.216,0.278,530.87,10.89,10.2,86.47,336.59
2022-01-05,West,39.18,26.51,0.237,0.281,525.3,11.21,10.4,86.69,343.59
2022-01-05,Central,39.71,26.26,0.237,0.28,523.24,10.69,10.01,86.16,340.53
2022-01-06,North,40.69,26.22,0.248,0.322,537.56,10.99,10.31,88.08,346.03
2022-01-06,South,37.7,27.04,0.224,0.283,526.74,10.69,10.19,86.82,343.0
2022-01-06,East,33.88,27.05,0.197,0.292,535.14,10.79,9.99,85.68,336.03
2022-01-06,West,39.92,26.37,0.218,0.312,528.03,10.85,10.35,87.22,342.49
2022-01-06,Central,40.99,26.43,0.218,0.301,532.89,10.65,10.16,86.48,340.45
2022-01-07,North,40.18,26.32,0.223,0.294,536.21,11.21,10.44,87.88,344.87
2022-01-07,South,38.29,27.12,0.212,0.307,527.09,10.71,10.09,87.02,343.05
2022-01-07,East,35.4,27.3,0.162,0.266,531.69,10.73,10.14,85.57,336.86
2022-01-07,West,41.13,26.61,0.202,0.284,529.64,10.99,10.44,86.81,342.57
2022-01-07,Central,39.91,26.62,0.184,0.293,531.62,10.73,10.14,86.24,339.04
2022-01-08,North,42.46,26.41,0.199,0.321,539.28,11.05,10.34,87.87,346.72
2022-01-08,South,37.85,27.18,0.207,0.324,526.66,10.74,10.44,87.15,342.36
2022-01-08,East,35.12,27.45,0.161,0.294,532.78,10.93,10.3,85.61,336.75
2022-01-08,West,40.76,26.78,0.178,0.294,523.18,10.91,10.51,86.75,341.71
2022-01-08,Central,40.93,26.79,0.178,0.345,530.79,10.57,10.2,86.56,339.15
2022-01-09,North,42.59,26.63,0.207,0.338,537.86,11.1,10.29,88.27,347.87
2022-01-09,South,38.59,27.53,0.172,0.328,524.32,10.5,10.28,86.95,344.72
2022-01-09,East,34.02,27.61,0.15,0.337,536.58,10.74,10.04,85.99,336.87
2022-01-09,West,39.67,26.88,0.193,0.313,525.26,10.79,10.37,86.76,342.51
2022-01-09,Central,40.4,26.86,0.166,0.321,530.72,10.61,10.14,86.53,338.98
2022-01-10,North,40.32,26.72,0.183,0.328,538.78,11.08,10.45,87.88,347.94
2022-01-10,South,36.66,27.48,0.177,0.317,526.7,10.78,10.41,87.17,345.17
2022-01-10,East,32.96,27.62,0.16,0.311,534.15,10.74,10.03,86.26,336.38
2022-01-10,West,38.19,27.13,0.151,0.331,532.28,11.05,10.56,87.14,342.48
2022-01-10,Central,40.51,27.11,0.16,0.343,528.95,10.54,10.16,86.66,339.48
2022-01-11,North,41.34,26.97,0.184,0.304,540.93,10.87,10.58,88.29,348.61
2022-01-11,South,36.54,27.68,0.183,0.31,527.54,10.77,10.21,87.42,344.53
2022-01-11,East,34.58,27.75,0.145,0.268,532.66,11.18,10.31,86.33,337.84
2022-01-11,West,40.33,27.3,0.174,0.306,529.2,11.03,10.66,86.99,344.88
2022-01-11,Central,42.43,27.16,0.176,0.291,529.49,10.55,10.1,86.44,340.6
2022-01-12,North,42.41,27.05,0.201,0.276,538.65,10.78,10.63,87.82,347.98
2022-01-12,South,38.66,27.76,0.192,0.289,531.1,10.76,10.15,87.54,344.71
2022-01-12,East,34.19,27.94,0.153,0.274,532.3,10.56,10.26,86.2,337.45
2022-01-12,West,40.68,27.29,0.181,0.281,529.89,10.83,10.63,86.7,343.6
2022-01-12,Central,40.23,27.24,0.168,0.303,534.24,10.56,10.17,86.51,341.9
2022-01-13,North,42.84,26.62,0.214,0.261,538.71,11.03,10.45,87.91,349.5
2022-01-13,South,39.2,27.44,0.214,0.28,527.52,10.94,10.3,87.43,344.78
2022-01-13,East,36.36,27.65,0.163,0.259,533.53,10.97,10.11,86.1,338.38
2022-01-13,West,42.67,26.99,0.172,0.278,525.04,10.88,10.4,86.87,344.39
2022-01-13,Central,43.02,27.03,0.181,0.253,534.01,10.84,10.36,86.33,341.74
2022-01-14,North,45.31,26.92,0.217,0.289,540.79,10.97,10.51,88.56,349.96
2022-01-14,South,40.87,27.59,0.194,0.288,529.5,10.46,10.37,87.34,344.81
2022-01-14,East,38.35,27.89,0.171,0.291,533.44,11.0,10.47,85.98,338.6
2022-01-14,West,44.17,27.04,0.162,0.289,526.74,10.85,10.51,86.69,345.26
2022-01-14,Central,44.82,27.05,0.163,0.267,535.08,10.62,10.46,86.69,342.72
2022-01-15,North,46.13,26.82,0.189,0.301,544.43,10.95,10.58,88.37,351.1
2022-01-15,South,41.2,27.52,0.173,0.278,528.54,10.72,10.31,87.42,346.69
2022-01-15,East,38.33,27.77,0.15,0.268,536.78,10.78,10.35,85.8,340.47
2022-01-15,West,42.75,27.11,0.157,0.266,527.26,11.12,10.52,86.41,346.52
2022-01-15,Central,45.31,26.97,0.155,0.272,535.61,10.71,10.15,86.32,342.57
2022-01-16,North,44.34,27.09,0.214,0.304,539.4,11.03,10.48,88.44,351.71
2022-01-16,South,39.82,27.53,0.18,0.278,530.01,10.73,10.29,87.2,347.23
2022-01-16,East,37.93,27.73,0.158,0.293,534.43,10.77,10.1,86.16,340.53
2022-01-16,West,44.84,27.17,0.184,0.298,529.56,11.19,10.65,86.58,347.37
2022-01-16,Central,42.39,27.01,0.189,0.313,531.75,10.52,10.34,86.42,343.81
2022-01-17,North,45.71,26.99,0.201,0.342,544.3,11.02,10.54,88.55,351.52
2022-01-17,South,40.88,27.89,0.213,0.326,528.65,11.0,10.73,87.46,347.7
2022-01-17,East,38.79,27.91,0.163,0.297,539.59,10.82,10.35,86.14,340.89
2022-01-17,West,43.37,27.23,0.183,0.337,525.59,10.79,10.4,86.84,346.73
2022-01-17,Central,44.87,27.33,0.181,0.32,533.01,10.92,10.27,86.78,344.71
2022-01-18,North,47.33,26.81,0.202,0.353,542.44,11.01,10.43,88.86,353.42
2022-01-18,South,42.8,27.43,0.181,0.354,531.19,10.73,10.36,87.56,349.59
2022-01-18,East,40.94,27.85,0.152,0.327,536.74,10.74,10.16,86.06,343.47
2022-01-18,West,45.22,27.07,0.186,0.338,528.59,11.02,10.67,87.04,348.67
2022-01-18,Central,46.61,26.96,0.17,0.327,535.26,10.58,10.32,87.07,345.21
2022-01-19,North,47.45,26.77,0.225,0.392,541.28,10.92,10.68,88.83,352.7
2022-01-19,South,45.05,27.47,0.204,0.372,534.72,11.02,10.51,88.17,348.71
2022-01-19,East,39.19,27.63,0.155,0.327,537.43,10.87,10.26,86.89,341.39
2022-01-19,West,44.22,27.05,0.195,0.367,531.08,11.01,10.75,87.14,349.23
2022-01-19,Central,45.5,26.85,0.18,0.355,533.6,10.6,10.58,86.68,345.9
2022-01-20,North,48.54,26.48,0.243,0.337,540.25,11.17,10.61,88.77,354.31
2022-01-20,South,43.38,27.17,0.242,0.31,528.59,10.62,10.37,87.83,349.93
2022-01-20,East,42.56,27.53,0.21,0.318,536.85,10.85,10.45,86.88,343.5
2022-01-20,West,47.29,26.91,0.23,0.319,529.01,10.9,10.57,87.38,348.61
2022-01-20,Central,47.25,26.8,0.202,0.314,538.55,10.69,10.46,87.06,346.6
2022-01-21,North,48.68,26.52,0.247,0.334,540.26,10.85,10.6,88.55,352.64
2022-01-21,South,46.12,27.09,0.263,0.347,534.49,10.79,10.55,88.04,348.2
2022-01-21,East,42.96,27.47,0.207,0.326,535.85,10.74,10.51,86.74,341.81
2022-01-21,West,47.55,26.79,0.213,0.32,527.7,10.91,10.85,87.59,347.81
2022-01-21,Central,47.72,26.66,0.242,0.325,535.63,10.36,10.28,87.13,345.05
2022-01-22,North,51.27,26.64,0.249,0.298,541.35,10.99,10.56,88.67,353.88
2022-01-22,South,47.33,27.26,0.239,0.316,534.0,10.45,10.47,88.19,349.04
2022-01-22,East,44.04,27.44,0.203,0.294,541.25,10.84,10.33,86.42,343.21
2022-01-22,West,51.1,26.85,0.228,0.317,531.06,11.04,10.45,87.27,350.05
2022-01-22,Central,49.05,26.94,0.195,0.307,536.53,10.62,10.43,86.74,346.2
2022-01-23,North,52.95,26.72,0.224,0.288,545.62,10.91,10.63,88.62,354.22
2022-01-23,South,49.91,27.47,0.244,0.289,532.55,11.04,10.74,87.73,350.63
2022-01-23,East,46.47,27.48,0.22,0.295,537.65,10.84,10.53,87.01,342.87
2022-01-23,West,51.16,27.25,0.212,0.267,529.27,10.95,10.56,87.44,350.23
2022-01-23,Central,53.06,27.05,0.227,0.259,536.68,10.33,10.44,87.14,347.48
2022-01-24,North,51.14,26.68,0.245,0.267,545.66,10.97,10.69,88.66,354.67
2022-01-24,South,47.22,27.6,0.266,0.258,535.23,10.58,10.67,88.11,349.2
2022-01-24,East,46.18,27.7,0.199,0.257,538.88,10.79,10.27,86.82,343.28
2022-01-24,West,49.7,27.2,0.228,0.267,529.24,11.08,10.73,87.36,350.22
2022-01-24,Central,50.28,27.03,0.221,0.265,535.98,10.71,10.32,87.13,347.1
2022-01-25,North,49.09,26.73,0.246,0.281,547.11,10.94,10.83,88.73,354.08
2022-01-25,South,49.59,27.38,0.249,0.304,537.59,10.73,10.58,88.16,350.36
2022-01-25,East,44.11,27.36,0.21,0.274,535.47,10.77,10.31,87.15,342.8
2022-01-25,West,48.92,26.82,0.237,0.288,529.71,10.81,10.76,87.55,348.6
2022-01-25,Central,48.9,26.88,0.227,0.294,534.53,10.51,10.44,87.24,346.65
2022-01-26,North,51.15,26.49,0.265,0.301,542.25,10.79,10.9,89.17,353.86
2022-01-26,South,46.9,27.19,0.244,0.291,535.97,10.62,10.5,87.96,349.63
2022-01-26,East,43.34,27.46,0.196,0.284,537.55,10.97,10.63,86.68,342.82
2022-01-26,West,47.71,26.7,0.229,0.3,531.69,10.82,10.54,87.7,349.32
2022-01-26,Central,50.91,26.55,0.214,0.288,536.06,10.44,10.56,87.3,346.05
2022-01-27,North,51.46,26.34,0.231,0.349,546.41,11.11,10.65,89.0,354.22
2022-01-27,South,45.87,27.24,0.228,0.335,535.45,10.56,10.74,88.48,349.98
2022-01-27,East,43.91,27.51,0.19,0.324,541.39,10.85,10.54,87.36,342.28
2022-01-27,West,46.77,26.95,0.211,0.321,530.89,10.92,10.68,88.47,347.63
2022-01-27,Central,48.35,26.66,0.203,0.333,538.22,10.76,10.42,87.79,345.76
2022-01-28,North,50.04,26.56,0.203,0.356,545.2,10.78,10.65,89.3,353.03
2022-01-28,South,45.13,27.08,0.203,0.335,532.35,10.94,10.7,88.47,349.6
2022-01-28,East,41.6,27.3,0.198,0.308,539.36,10.72,10.71,87.11,341.67
2022-01-28,West,45.81,27.05,0.199,0.312,531.08,10.75,10.77,88.21,347.28
2022-01-28,Central,49.03,26.85,0.195,0.318,538.04,10.74,10.32,87.8,345.55
2022-01-29,North,46.15,26.74,0.229,0.355,542.41,10.95,10.92,89.67,353.54
2022-01-29,South,42.34,27.44,0.218,0.361,534.17,10.64,10.58,88.77,349.02
2022-01-29,East,39.57,27.51,0.184,0.34,540.63,10.71,10.57,87.37,343.1
2022-01-29,West,43.75,27.05,0.208,0.381,530.9,10.76,10.94,88.04,348.21
2022-01-29,Central,46.37,26.79,0.185,0.355,536.3,10.7,10.44,87.62,345.31
2022-01-30,North,47.69,26.87,0.237,0.351,545.65,11.25,10.72,89.51,353.55
2022-01-30,South,43.46,27.56,0.208,0.354,534.51,10.57,10.51,89.21,348.94
2022-01-30,East,39.71,27.69,0.183,0.352,539.18,10.9,10.63,87.47,342.12
2022-01-30,West,44.85,27.21,0.192,0.369,531.66,10.96,10.56,88.28,349.47
2022-01-30,Central,46.54,27.02,0.185,0.356,538.12,10.59,10.8,88.27,346.45
2022-01-31,North,45.15,26.96,0.215,0.338,543.87,10.85,10.77,89.44,353.58
2022-01-31,South,40.94,27.58,0.225,0.336,537.65,10.38,10.66,88.72,349.03
2022-01-31,East,38.65,27.94,0.169,0.343,539.7,10.77,10.46,87.44,342.26
2022-01-31,West,43.76,27.26,0.19,0.349,533.57,10.92,10.81,88.49,349.12
2022-01-31,Central,45.76,27.01,0.19,0.329,536.2,10.54,10.51,88.22,346.06
2022-02-01,North,45.57,27.06,0.222,0.337,546.42,10.88,10.68,89.71,354.26
2022-02-01,South,42.29,27.63,0.195,0.312,536.24,10.46,10.63,88.97,349.43
2022-02-01,East,38.45,27.96,0.185,0.294,542.14,10.47,10.55,87.65,343.3
2022-02-01,West,44.5,27.34,0.206,0.327,532.95,10.68,10.69,88.59,348.93
2022-02-01,Central,44.8,27.22,0.194,0.309,539.68,10.41,10.37,87.88,345.34
2022-02-02,North,46.74,27.0,0.205,0.342,548.83,11.06,10.83,90.18,354.24
2022-02-02,South,41.73,27.79,0.231,0.321,535.53,10.56,10.75,88.61,350.14
2022-02-02,East,38.86,28.05,0.164,0.304,544.0,10.72,10.39,87.84,342.68
2022-02-02,West,43.19,27.45,0.219,0.318,535.1,10.86,10.88,88.53,348.28
2022-02-02,Central,44.06,27.31,0.205,0.315,542.15,10.47,10.7,88.47,345.71
2022-02-03,North,43.32,27.23,0.241,0.321,547.22,11.07,10.75,89.71,352.02
2022-02-03,South,40.47,27.97,0.245,0.326,537.89,10.73,10.78,89.18,347.81
2022-02-03,East,35.84,28.03,0.218,0.289,540.07,10.73,10.45,87.74,340.73
2022-02-03,West,42.15,27.43,0.213,0.324,534.41,10.97,10.95,88.54,347.81
2022-02-03,Central,43.37,27.49,0.237,0.313,538.52,10.57,10.65,88.38,346.41
2022-02-04,North,43.68,27.16,0.229,0.284,546.42,11.11,10.99,89.98,353.05
2022-02-04,South,39.41,27.82,0.228,0.268,534.38,10.56,10.73,88.95,347.84
2022-02-04,East,37.17,28.12,0.208,0.265,543.78,10.73,10.69,87.45,341.77
2022-02-04,West,40.94,27.52,0.24,0.273,535.03,11.04,11.03,88.21,347.67
2022-02-04,Central,43.04,27.47,0.214,0.278,540.75,10.34,10.69,88.02,345.11
2022-02-05,North,45.89,27.18,0.257,0.335,549.88,10.82,10.98,90.05,353.45
2022-02-05,South,40.41,27.97,0.234,0.313,535.68,10.87,10.63,89.1,349.23
2022-02-05,East,37.45,28.2,0.202,0.314,542.06,10.81,10.72,88.05,342.01
2022-02-05,West,41.55,27.45,0.228,0.308,533.49,10.68,10.93,88.95,348.29
2022-02-05,Central,45.49,27.31,0.22,0.32,539.37,10.53,10.81,87.97,345.6
2022-02-06,North,46.35,27.24,0.279,0.323,545.57,10.8,10.86,90.02,352.6
2022-02-06,South,44.23,27.97,0.243,0.332,540.96,10.53,10.64,89.12,348.86
2022-02-06,East,39.6,28.02,0.215,0.311,542.68,10.74,10.47,87.92,342.49
2022-02-06,West,45.8,27.44,0.221,0.31,535.59,10.87,11.02,88.84,348.18
2022-02-06,Central,45.19,27.48,0.225,0.319,539.17,10.47,10.41,88.47,345.76
2022-02-07,North,50.59,27.23,0.265,0.336,546.42,10.82,10.72,89.97,355.33
2022-02-07,South,47.7,28.14,0.257,0.349,535.71,10.58,10.72,89.46,350.16
2022-02-07,East,43.16,28.34,0.222,0.322,541.13,10.83,10.6,88.11,343.16
2022-02-07,West,46.08,27.79,0.248,0.322,536.25,10.78,10.76,89.01,349.34
2022-02-07,Central,48.78,27.59,0.237,0.346,539.84,10.62,10.63,88.79,346.48
2022-02-08,North,48.99,27.35,0.274,0.321,551.56,10.79,10.76,90.33,353.7
2022-02-08,South,46.93,28.16,0.263,0.324,541.77,10.8,10.83,89.65,349.56
2022-02-08,East,42.94,28.2,0.249,0.319,542.62,10.87,10.68,88.19,342.45
2022-02-08,West,48.53,27.74,0.267,0.337,534.84,10.84,11.09,88.84,347.82
2022-02-08,Central,48.22,27.53,0.239,0.306,542.8,10.46,10.79,88.28,345.6
2022-02-09,North,51.1,27.51,0.301,0.314,551.01,10.68,10.95,89.95,354.11
2022-02-09,South,47.17,28.29,0.263,0.31,539.46,10.67,10.78,88.93,350.55
2022-02-09,East,43.52,28.51,0.252,0.306,545.94,10.71,10.62,88.23,342.7
2022-02-09,West,46.78,27.8,0.275,0.324,538.06,10.9,10.94,89.02,349.45
2022-02-09,Central,50.71,27.77,0.253,0.297,540.36,10.37,10.49,88.63,346.62
2022-02-10,North,48.67,27.52,0.288,0.305,548.71,10.88,10.67,90.06,354.08
2022-02-10,South,44.59,28.29,0.303,0.304,538.3,10.64,10.73,89.32,349.29
2022-02-10,East,42.11,28.36,0.275,0.281,539.83,10.79,10.66,87.79,341.71
2022-02-10,West,45.94,27.73,0.271,0.309,534.67,10.78,11.23,89.01,349.42
2022-02-10,Central,47.95,27.7,0.278,0.284,540.47,10.4,10.61,89.0,347.1
2022-02-11,North,47.36,27.52,0.315,0.299,552.89,10.85,10.58,90.13,354.69
2022-02-11,South,43.46,28.1,0.304,0.322,538.05,10.63,10.79,89.58,349.15
2022-02-11,East,37.61,28.46,0.282,0.301,544.49,10.35,10.52,88.2,343.11
2022-02-11,West,46.54,27.75,0.29,0.296,536.19,10.65,10.81,89.37,349.56
2022-02-11,Central,46.39,27.77,0.288,0.291,542.98,10.33,10.59,88.77,346.42
2022-02-12,North,47.8,27.52,0.312,0.334,552.08,11.01,10.72,90.62,356.21
2022-02-12,South,44.31,28.35,0.311,0.333,541.37,10.49,10.7,89.96,351.2
2022-02-12,East,39.96,28.57,0.269,0.332,542.26,10.74,10.69,88.36,345.15
2022-02-12,West,46.43,27.94,0.29,0.332,538.36,10.58,11.06,89.34,351.0
2022-02-12,Central,47.21,28.06,0.27,0.329,542.53,10.56,10.59,88.73,347.12
2022-02-13,North,46.66,27.35,0.316,0.363,546.7,10.89,10.77,90.76,355.94
2022-02-13,South,43.96,28.24,0.306,0.351,540.61,10.72,10.75,90.2,351.74
2022-02-13,East,41.99,28.29,0.267,0.313,540.29,10.55,10.54,88.44,345.94
2022-02-13,West,44.13,27.8,0.29,0.341,540.5,10.9,10.76,89.85,352.49
2022-02-13,Central,47.01,27.52,0.29,0.32,542.3,10.5,10.79,89.37,348.04
2022-02-14,North,45.47,27.3,0.35,0.335,549.12,10.66,10.69,91.14,356.13
2022-02-14,South,41.24,27.86,0.345,0.341,540.41,10.73,10.75,90.57,351.81
2022-02-14,East,39.47,28.37,0.294,0.33,542.34,10.36,10.73,88.89,345.79
2022-02-14,West,44.61,27.64,0.317,0.351,537.64,10.98,11.03,89.61,352.01
2022-02-14,Central,44.0,27.59,0.299,0.353,545.38,10.53,10.61,89.54,349.0
2022-02-15,North,45.64,27.26,0.304,0.337,551.05,10.73,10.66,90.74,356.76
2022-02-15,South,42.11,27.96,0.319,0.357,541.15,10.6,10.74,90.14,352.53
2022-02-15,East,39.4,28.07,0.291,0.353,547.66,10.47,10.6,88.7,345.59
2022-02-15,West,42.53,27.62,0.338,0.355,538.32,10.73,10.96,89.49,352.03
2022-02-15,Central,42.82,27.36,0.284,0.376,545.1,10.19,10.75,88.87,348.69
2022-02-16,North,46.15,26.92,0.322,0.368,550.25,10.8,10.67,90.55,356.34
2022-02-16,South,41.44,27.75,0.319,0.335,541.28,10.38,10.93,90.12,351.98
2022-02-16,East,40.31,27.86,0.296,0.341,547.19,10.58,10.5,88.89,344.26
2022-02-16,West,44.29,27.42,0.299,0.348,539.82,10.75,10.91,89.24,351.71
2022-02-16,Central,46.82,27.25,0.285,0.344,543.49,10.5,10.54,89.13,348.99
2022-02-17,North,44.75,27.0,0.321,0.365,553.39,10.78,10.68,91.0,354.8
2022-02-17,South,39.94,27.55,0.312,0.368,537.81,10.52,10.89,90.02,351.48
2022-02-17,East,35.36,28.05,0.283,0.354,544.39,10.78,10.73,89.27,344.29
2022-02-17,West,42.31,27.47,0.287,0.343,540.12,10.83,10.92,90.19,350.15
2022-02-17,Central,43.43,27.26,0.277,0.344,547.85,10.3,10.73,89.2,347.39
2022-02-18,North,44.6,27.09,0.319,0.398,550.26,10.82,10.9,90.87,355.44
2022-02-18,South,40.78,27.93,0.308,0.368,541.65,10.67,10.68,90.19,350.98
2022-02-18,East,37.11,28.02,0.277,0.374,545.75,10.72,10.36,88.75,345.15
2022-02-18,West,40.43,27.44,0.306,0.375,538.01,10.76,10.99,90.05,351.0
2022-02-18,Central,42.72,27.4,0.306,0.374,541.52,10.39,10.7,89.43,347.42
2022-02-19,North,43.19,27.13,0.313,0.41,549.37,10.96,10.72,91.41,355.54
2022-02-19,South,42.27,28.12,0.292,0.416,543.96,10.28,10.82,90.69,351.38
2022-02-19,East,38.51,27.95,0.27,0.407,545.38,10.54,10.58,89.2,344.76
2022-02-19,West,44.02,27.48,0.291,0.367,539.9,10.76,10.97,89.92,351.02
2022-02-19,Central,44.21,27.51,0.295,0.376,543.9,10.39,10.77,89.4,347.83
2022-02-20,North,43.97,27.23,0.319,0.394,550.91,10.85,10.83,91.24,355.05
2022-02-20,South,40.51,28.04,0.305,0.413,540.17,10.42,10.62,90.63,351.08
2022-02-20,East,39.11,28.26,0.288,0.402,546.29,10.56,10.53,89.08,345.69
2022-02-20,West,43.19,27.67,0.309,0.404,539.18,10.45,11.21,89.9,351.86
2022-02-20,Central,43.09,27.51,0.284,0.386,538.83,10.52,10.71,89.28,349.01
2022-02-21,North,41.8,27.61,0.321,0.412,549.14,10.83,10.88,91.57,355.94
2022-02-21,South,38.16,28.21,0.327,0.391,542.19,10.44,10.87,90.67,351.56
2022-02-21,East,35.04,28.41,0.26,0.381,546.18,10.47,10.42,89.15,345.09
2022-02-21,West,39.53,27.88,0.301,0.388,540.75,10.55,11.07,90.33,350.97
2022-02-21,Central,42.13,27.78,0.277,0.379,544.39,10.61,10.49,89.93,348.27
2022-02-22,North,45.18,27.76,0.305,0.385,554.57,10.65,10.77,90.83,354.85
2022-02-22,South,40.28,28.51,0.292,0.399,540.97,10.38,10.87,90.54,350.97
2022-02-22,East,37.58,28.72,0.235,0.345,546.14,10.53,10.66,88.93,343.08
2022-02-22,West,42.75,27.9,0.259,0.367,538.12,10.55,10.82,90.03,350.08
2022-02-22,Central,43.78,28.02,0.258,0.374,544.27,10.52,10.73,89.64,346.96
2022-02-23,North,43.19,27.82,0.299,0.369,551.49,10.58,10.82,91.08,355.69
2022-02-23,South,40.38,28.57,0.258,0.344,539.4,10.29,10.76,90.26,350.63
2022-02-23,East,37.98,28.63,0.231,0.356,548.12,10.5,10.68,88.63,342.83
2022-02-23,West,43.78,28.13,0.263,0.392,536.57,10.57,10.94,89.94,349.82
2022-02-23,Central,44.4,27.92,0.256,0.358,545.45,10.33,10.61,89.48,346.96
2022-02-24,North,43.33,27.94,0.286,0.373,554.56,10.74,10.69,91.51,354.25
2022-02-24,South,41.22,28.6,0.29,0.38,541.02,10.38,10.49,90.36,351.0
2022-02-24,East,36.83,28.96,0.255,0.362,550.3,10.44,10.54,88.95,343.21
2022-02-24,West,41.59,28.3,0.267,0.376,540.0,10.51,11.0,90.02,349.68
2022-02-24,Central,43.08,28.16,0.247,0.381,544.36,10.65,10.47,88.87,347.0
2022-02-25,North,40.76,27.92,0.274,0.378,550.74,10.84,10.8,91.39,353.84
2022-02-25,South,37.14,28.83,0.293,0.389,540.31,10.5,10.71,90.3,349.93
2022-02-25,East,32.51,29.02,0.243,0.377,547.37,10.39,10.32,89.46,342.58
2022-02-25,West,40.13,28.48,0.259,0.348,538.95,10.62,10.96,89.67,349.62
2022-02-25,Central,41.3,28.27,0.254,0.379,545.45,10.43,10.51,88.87,346.87
2022-02-26,North,39.49,27.97,0.296,0.375,552.85,10.73,10.52,91.08,355.37
2022-02-26,South,36.53,28.67,0.288,0.377,541.32,10.34,10.52,90.45,351.8
2022-02-26,East,34.24,28.86,0.269,0.358,545.8,10.68,10.64,89.16,343.69
2022-02-26,West,35.97,28.37,0.295,0.378,538.58,10.63,10.96,89.91,350.3
2022-02-26,Central,39.39,28.21,0.282,0.375,549.71,10.39,10.69,89.95,348.33
2022-02-27,North,39.18,27.84,0.297,0.376,548.12,10.7,10.77,91.46,356.11
2022-02-27,South,35.78,28.51,0.277,0.371,543.02,10.33,10.7,90.36,353.16
2022-02-27,East,34.46,28.9,0.269,0.36,547.34,10.48,10.74,89.28,344.81
2022-02-27,West,37.91,28.41,0.258,0.37,538.81,10.66,11.11,89.8,351.41
2022-02-27,Central,40.36,28.27,0.264,0.381,545.08,10.35,10.78,89.95,349.46
2022-02-28,North,43.84,27.75,0.288,0.338,553.91,10.71,11.0,91.51,355.77
2022-02-28,South,38.69,28.44,0.262,0.333,541.98,10.34,10.76,90.42,350.62
2022-02-28,East,35.72,28.58,0.24,0.312,551.38,10.59,10.57,89.42,345.04
2022-02-28,West,41.66,28.02,0.274,0.313,540.92,10.63,10.84,90.63,352.56
2022-02-28,Central,41.53,27.99,0.252,0.324,543.62,10.35,10.81,90.06,349.08
2022-03-01,North,39.46,27.57,0.261,0.35,554.76,10.64,10.93,91.55,355.01
2022-03-01,South,37.45,28.32,0.258,0.331,544.55,10.38,10.68,90.89,349.98
2022-03-01,East,33.71,28.61,0.21,0.291,549.12,10.46,10.67,88.8,344.38
2022-03-01,West,39.53,28.17,0.23,0.33,543.2,10.64,10.94,90.51,350.26
2022-03-01,Central,41.28,27.9,0.219,0.315,545.87,10.4,10.77,89.71,348.41
2022-03-02,North,42.39,27.8,0.25,0.315,557.68,10.6,10.67,91.08,355.9
2022-03-02,South,37.46,28.6,0.228,0.315,542.23,10.24,10.59,90.56,350.42
2022-03-02,East,32.53,28.71,0.225,0.296,549.58,10.49,10.6,88.94,343.46
2022-03-02,West,39.15,28.02,0.241,0.316,539.03,10.58,10.84,89.9,350.27
2022-03-02,Central,39.48,28.04,0.215,0.317,546.77,10.42,10.72,89.34,347.75
2022-03-03,North,41.13,27.9,0.24,0.34,553.42,10.58,10.74,91.84,353.69
2022-03-03,South,38.2,28.73,0.233,0.314,544.54,10.18,10.74,90.91,350.02
2022-03-03,East,35.23,28.93,0.187,0.309,548.37,10.5,10.35,89.21,344.7
2022-03-03,West,39.84,28.32,0.232,0.346,542.72,10.66,10.85,90.07,350.53
2022-03-03,Central,42.21,28.08,0.202,0.322,545.94,10.31,10.62,89.98,347.74
2022-03-04,North,38.41,28.14,0.242,0.331,552.05,10.62,10.92,91.39,352.76
2022-03-04,South,32.53,28.87,0.235,0.34,540.81,10.17,10.55,90.73,350.01
2022-03-04,East,30.38,29.13,0.205,0.326,547.56,10.46,10.55,88.92,343.14
2022-03-04,West,34.75,28.57,0.212,0.303,542.68,10.45,10.87,90.13,348.57
2022-03-04,Central,37.79,28.44,0.215,0.314,546.62,10.22,10.47,90.16,345.61
2022-03-05,North,39.78,28.18,0.276,0.335,553.68,10.55,10.66,91.34,354.26
2022-03-05,South,36.01,28.76,0.277,0.306,542.11,10.43,10.71,90.83,351.0
2022-03-05,East,33.13,28.99,0.209,0.282,548.77,10.29,10.32,89.26,343.67
2022-03-05,West,39.2,28.35,0.254,0.317,545.7,10.85,10.9,90.09,349.6
2022-03-05,Central,38.59,28.39,0.252,0.296,546.8,10.14,10.35,89.65,347.47
2022-03-06,North,40.11,28.1,0.279,0.272,555.02,10.7,10.72,91.41,353.05
2022-03-06,South,34.23,28.87,0.264,0.295,542.66,10.28,10.72,90.98,347.72
2022-03-06,East,31.65,29.05,0.241,0.26,547.81,10.53,10.48,89.53,340.84
2022-03-06,West,37.8,28.43,0.265,0.273,541.58,10.7,10.83,90.39,347.13
2022-03-06,Central,37.87,28.45,0.264,0.281,544.63,10.23,10.61,89.92,345.24
2022-03-07,North,40.74,28.08,0.283,0.271,554.11,10.75,10.55,91.2,351.69
2022-03-07,South,34.05,28.83,0.285,0.28,542.13,10.19,10.6,90.51,348.22
2022-03-07,East,32.9,29.01,0.259,0.271,546.57,10.46,10.56,89.33,341.45
2022-03-07,West,36.19,28.57,0.275,0.291,540.99,10.49,10.73,90.26,348.14
2022-03-07,Central,41.15,28.26,0.255,0.29,547.76,10.22,10.66,89.54,345.77
2022-03-08,North,39.4,28.12,0.283,0.294,551.51,10.64,10.65,91.37,353.17
2022-03-08,South,35.55,28.92,0.308,0.313,548.71,10.25,10.59,90.51,348.45
2022-03-08,East,35.49,29.03,0.241,0.283,545.91,10.46,10.35,89.53,341.01
2022-03-08,West,36.13,28.47,0.263,0.292,540.62,10.44,10.88,90.7,347.83
2022-03-08,Central,38.85,28.31,0.254,0.301,547.39,10.01,10.59,90.07,346.14
2022-03-09,North,41.66,28.17,0.295,0.326,555.76,10.51,10.69,91.75,354.3
2022-03-09,South,37.18,29.02,0.298,0.304,545.0,10.23,10.66,90.61,350.8
2022-03-09,East,34.95,28.93,0.265,0.311,547.76,10.27,10.39,89.6,344.08
2022-03-09,West,38.55,28.53,0.305,0.32,540.72,10.53,10.78,90.38,349.64
2022-03-09,Central,41.95,28.49,0.256,0.326,547.0,10.21,10.61,89.46,348.12
2022-03-10,North,41.34,28.13,0.295,0.337,551.59,10.62,10.75,91.67,355.05
2022-03-10,South,38.37,28.71,0.292,0.305,544.17,10.09,10.6,90.29,351.19
2022-03-10,East,34.24,28.96,0.257,0.292,550.38,10.41,10.29,89.58,343.96
2022-03-10,West,39.07,28.35,0.291,0.318,543.18,10.52,10.92,90.45,349.48
2022-03-10,Central,41.11,28.16,0.265,0.298,548.03,10.31,10.24,90.03,347.38
2022-03-11,North,38.14,28.2,0.299,0.332,557.73,10.82,10.61,91.7,351.86
2022-03-11,South,34.65,28.85,0.298,0.319,542.91,10.18,10.74,90.71,349.32
2022-03-11,East,30.35,29.13,0.248,0.287,550.07,10.25,10.6,89.59,341.88
2022-03-11,West,37.47,28.55,0.275,0.307,539.44,10.47,10.85,90.47,349.3
2022-03-11,Central,36.53,28.44,0.274,0.283,545.64,10.01,10.41,90.03,345.72
2022-03-12,North,35.98,28.16,0.292,0.264,555.44,10.57,10.59,91.82,351.32
2022-03-12,South,32.34,28.91,0.252,0.294,542.31,10.16,10.63,91.19,347.78
2022-03-12,East,29.94,29.14,0.247,0.284,553.26,10.24,10.47,89.39,341.03
2022-03-12,West,33.79,28.33,0.244,0.292,543.08,10.74,10.68,90.63,346.62
2022-03-12,Central,36.01,28.42,0.258,0.272,542.47,10.2,10.17,90.24,343.64
2022-03-13,North,39.66,28.07,0.274,0.295,556.99,10.63,10.71,91.39,351.07
2022-03-13,South,32.4,28.83,0.265,0.271,546.34,10.2,10.41,90.84,346.03
2022-03-13,East,29.24,29.14,0.23,0.275,547.36,10.35,10.28,89.18,339.81
2022-03-13,West,35.27,28.58,0.253,0.286,541.46,10.57,10.68,89.89,346.62
2022-03-13,Central,36.77,28.43,0.217,0.283,549.28,10.18,10.4,90.23,343.01
2022-03-14,North,37.13,28.17,0.291,0.303,554.81,10.39,10.55,91.88,350.31
2022-03-14,South,32.92,28.85,0.278,0.28,545.11,10.02,10.45,91.58,344.48
2022-03-14,East,30.32,28.99,0.255,0.26,550.64,10.26,10.18,89.88,339.24
2022-03-14,West,34.49,28.3,0.264,0.262,544.13,10.52,10.61,90.53,345.11
2022-03-14,Central,34.77,28.29,0.265,0.263,548.97,9.99,10.2,90.13,342.23
2022-03-15,North,36.92,28.06,0.33,0.285,558.05,10.53,10.46,91.48,350.22
2022-03-15,South,34.44,28.78,0.309,0.279,544.37,10.29,10.53,90.4,347.95
2022-03-15,East,30.25,28.97,0.282,0.262,548.71,10.19,10.25,89.36,341.1
2022-03-15,West,37.75,28.36,0.311,0.278,540.6,10.38,10.64,90.28,346.5
2022-03-15,Central,37.12,28.29,0.284,0.27,548.83,10.04,10.25,90.18,342.2
2022-03-16,North,40.27,28.17,0.304,0.282,556.91,10.32,10.57,91.99,350.81
2022-03-16,South,34.82,28.81,0.33,0.261,544.74,10.11,10.41,91.16,347.3
2022-03-16,East,31.77,29.04,0.282,0.241,552.23,10.49,10.1,89.81,341.0
2022-03-16,West,36.37,28.37,0.304,0.285,546.13,10.28,10.44,90.73,346.95
2022-03-16,Central,36.85,28.47,0.307,0.249,549.07,10.09,10.54,90.21,343.72
2022-03-17,North,39.33,28.21,0.308,0.294,559.12,10.46,10.57,92.03,352.82
2022-03-17,South,35.34,28.87,0.293,0.275,547.41,10.33,10.47,90.82,347.54
2022-03-17,East,31.85,29.12,0.285,0.241,550.96,10.44,10.33,89.48,341.87
2022-03-17,West,37.33,28.64,0.305,0.279,544.27,10.14,10.5,90.44,347.31
2022-03-17,Central,40.1,28.51,0.284,0.243,547.2,10.03,10.47,89.61,345.7
2022-03-18,North,39.43,28.4,0.309,0.252,559.72,10.44,10.58,91.48,349.54
2022-03-18,South,34.55,28.97,0.293,0.241,546.27,10.26,10.33,90.57,345.84
2022-03-18,East,32.93,29.21,0.278,0.227,554.0,10.22,10.15,89.1,339.29
2022-03-18,West,36.46,28.61,0.278,0.234,540.85,10.26,10.69,90.53,346.84
2022-03-18,Central,37.25,28.54,0.268,0.248,547.53,10.12,10.5,89.82,344.5
2022-03-19,North,35.95,28.29,0.318,0.227,557.71,10.64,10.71,91.75,348.19
2022-03-19,South,32.21,29.12,0.303,0.236,544.14,10.14,10.47,91.09,344.42
2022-03-19,East,27.12,29.24,0.294,0.229,546.11,10.25,10.21,89.26,339.02
2022-03-19,West,33.79,28.76,0.289,0.221,543.2,10.3,10.54,90.49,343.72
2022-03-19,Central,34.52,28.52,0.301,0.234,548.1,10.1,10.23,90.2,342.12
2022-03-20,North,33.6,28.68,0.283,0.267,557.18,10.73,10.21,91.69,348.56
2022-03-20,South,32.37,29.3,0.29,0.24,548.26,10.32,10.35,90.56,344.88
2022-03-20,East,28.71,29.52,0.233,0.235,552.39,10.42,10.27,89.85,338.12
2022-03-20,West,32.95,28.96,0.276,0.239,544.64,10.19,10.61,90.35,344.35
2022-03-20,Central,33.36,28.7,0.265,0.258,550.38,9.9,10.04,89.85,340.77
2022-03-21,North,36.64,28.69,0.293,0.328,558.83,10.23,10.28,91.4,350.54
2022-03-21,South,31.44,29.27,0.272,0.285,545.79,10.2,10.06,90.62,346.93
2022-03-21,East,28.42,29.37,0.249,0.297,546.24,10.19,10.31,89.64,339.11
2022-03-21,West,33.22,28.81,0.27,0.296,543.11,10.28,10.62,90.21,344.69
2022-03-21,Central,34.54,28.72,0.272,0.29,546.02,9.91,10.14,89.88,343.68
2022-03-22,North,33.18,28.44,0.329,0.274,553.63,10.03,10.22,91.72,350.5
2022-03-22,South,30.25,28.99,0.314,0.28,547.24,10.28,10.34,90.96,345.75
2022-03-22,East,25.46,29.38,0.276,0.255,553.16,10.16,10.29,89.53,339.61
2022-03-22,West,32.31,28.66,0.297,0.244,543.04,10.47,10.35,90.05,345.85
2022-03-22,Central,34.07,28.49,0.303,0.266,548.32,10.21,10.34,89.86,343.77
2022-03-23,North,34.46,28.52,0.308,0.233,555.82,10.35,10.33,91.4,350.76
2022-03-23,South,29.68,29.39,0.325,0.229,546.16,10.1,10.17,90.83,346.73
2022-03-23,East,26.43,29.42,0.287,0.221,552.42,10.35,10.2,89.4,339.67
2022-03-23,West,32.02,28.79,0.306,0.218,543.59,10.14,10.32,90.46,345.37
2022-03-23,Central,33.72,28.73,0.287,0.23,545.9,10.0,10.06,89.87,343.04
2022-03-24,North,36.96,28.58,0.318,0.195,555.84,10.56,10.32,91.73,351.76
2022-03-24,South,32.22,29.37,0.32,0.181,542.3,10.22,10.36,91.12,346.68
2022-03-24,East,27.94,29.52,0.277,0.177,551.23,10.11,10.13,89.55,341.44
2022-03-24,West,34.26,28.93,0.303,0.186,544.55,10.16,10.44,90.0,347.3
2022-03-24,Central,34.5,28.7,0.288,0.179,548.3,9.7,9.91,89.98,344.44
2022-03-25,North,36.59,28.69,0.328,0.187,554.96,10.6,10.34,91.37,352.08
2022-03-25,South,31.17,29.3,0.329,0.188,549.93,10.01,10.32,90.8,347.49
2022-03-25,East,28.45,29.67,0.275,0.178,551.38,10.24,10.11,89.47,340.16
2022-03-25,West,32.82,29.16,0.313,0.192,542.49,10.36,10.37,90.1,346.81
2022-03-25,Central,36.74,28.9,0.296,0.151,546.92,9.99,10.06,89.89,345.07
2022-03-26,North,29.23,28.79,0.325,0.204,553.44,10.32,10.45,91.55,350.57
2022-03-26,South,26.91,29.43,0.326,0.202,547.03,10.17,10.2,90.86,346.27
2022-03-26,East,22.94,29.8,0.296,0.199,549.61,10.0,10.03,89.7,338.26
2022-03-26,West,28.17,29.12,0.316,0.19,545.49,10.27,10.5,90.6,345.86
2022-03-26,Central,30.08,28.98,0.314,0.175,549.04,9.93,10.03,89.74,343.09
2022-03-27,North,28.67,28.91,0.339,0.21,554.35,10.37,10.12,91.68,349.05
2022-03-27,South,26.29,29.58,0.3,0.198,543.2,10.31,10.11,90.43,346.79
2022-03-27,East,20.54,29.65,0.276,0.19,550.71,10.05,10.0,89.48,338.98
2022-03-27,West,26.49,29.14,0.305,0.207,546.98,10.11,10.49,90.33,343.55
2022-03-27,Central,29.2,28.87,0.312,0.186,548.19,9.73,10.15,89.91,341.1
2022-03-28,North,30.91,28.89,0.362,0.19,557.33,10.26,9.95,91.84,350.54
2022-03-28,South,28.41,29.53,0.351,0.204,549.1,10.08,10.09,90.95,345.75
2022-03-28,East,26.26,29.69,0.322,0.161,549.28,10.22,9.85,89.29,341.1
2022-03-28,West,31.14,29.15,0.351,0.182,544.18,10.48,10.39,90.88,344.99
2022-03-28,Central,31.18,29.22,0.323,0.196,548.43,9.92,10.09,89.54,342.5
2022-03-29,North,32.14,29.18,0.355,0.209,557.49,10.43,10.04,91.58,350.3
2022-03-29,South,25.35,29.84,0.328,0.2,547.71,9.97,10.03,91.02,345.58
2022-03-29,East,24.05,30.09,0.3,0.202,553.16,10.01,10.06,89.54,339.66
2022-03-29,West,30.03,29.35,0.343,0.184,543.82,10.37,10.19,90.28,346.07
2022-03-29,Central,28.83,29.31,0.318,0.211,552.81,9.84,9.9,90.0,343.74
2022-03-30,North,29.55,29.43,0.373,0.167,554.81,10.22,10.12,91.61,347.96
2022-03-30,South,24.36,30.12,0.365,0.181,544.35,10.03,9.91,90.44,344.59
2022-03-30,East,21.3,30.35,0.319,0.147,553.04,10.17,10.02,89.72,336.88
2022-03-30,West,26.46,29.58,0.337,0.168,547.14,10.2,9.99,90.48,342.84
2022-03-30,Central,25.95,29.55,0.337,0.164,547.76,9.92,9.98,90.08,340.42
2022-03-31,North,30.67,29.35,0.328,0.184,555.63,10.32,10.46,91.49,348.7
2022-03-31,South,25.72,29.95,0.315,0.172,547.02,10.03,10.16,90.51,344.85
2022-03-31,East,23.47,30.26,0.282,0.139,548.3,10.13,10.02,89.33,337.81
2022-03-31,West,28.81,29.6,0.306,0.156,545.46,10.27,10.08,90.31,343.44
2022-03-31,Central,26.52,29.57,0.298,0.164,548.5,9.75,10.2,90.11,340.51
2022-04-01,North,28.57,29.33,0.351,0.147,558.07,10.4,10.13,91.23,349.65
2022-04-01,South,26.43,30.05,0.327,0.161,545.33,9.82,10.2,91.0,345.36
2022-04-01,East,24.94,30.32,0.296,0.131,549.91,10.11,9.9,89.08,338.43
2022-04-01,West,29.11,29.65,0.327,0.131,544.51,10.37,10.24,90.41,344.03
2022-04-01,Central,28.68,29.6,0.314,0.146,549.69,9.78,9.76,89.9,341.77
2022-04-02,North,32.77,29.47,0.366,0.129,556.05,10.23,10.15,91.92,350.55
2022-04-02,South,28.62,30.21,0.335,0.125,547.57,9.98,10.01,90.44,346.01
2022-04-02,East,25.83,30.3,0.344,0.129,549.05,9.99,9.82,89.05,338.96
2022-04-02,West,30.71,29.72,0.341,0.128,546.48,10.2,10.36,89.93,345.42
2022-04-02,Central,31.13,29.68,0.353,0.099,547.67,9.86,9.85,89.52,342.7
2022-04-03,North,33.33,29.32,0.358,0.108,559.29,10.19,10.12,91.47,350.3
2022-04-03,South,27.41,30.04,0.365,0.089,545.81,9.97,10.09,90.89,345.16
2022-04-03,East,23.69,30.24,0.343,0.079,550.15,10.06,9.9,89.0,339.72
2022-04-03,West,30.73,29.69,0.341,0.08,543.52,10.25,10.25,89.85,345.87
2022-04-03,Central,30.43,29.46,0.34,0.07,546.82,10.04,10.05,90.09,342.59
2022-04-04,North,32.19,29.41,0.372,0.085,559.47,10.33,9.96,91.36,349.45
2022-04-04,South,29.81,30.04,0.353,0.095,546.84,9.88,9.97,90.27,345.79
2022-04-04,East,25.04,30.27,0.326,0.052,548.11,9.89,9.71,89.41,339.17
2022-04-04,West,30.34,29.71,0.36,0.078,544.56,10.34,10.16,90.1,345.68
2022-04-04,Central,31.37,29.49,0.327,0.058,548.18,9.8,9.82,89.66,342.05
2022-04-05,North,32.93,29.49,0.374,0.097,558.72,10.27,9.92,91.85,350.69
2022-04-05,South,28.6,29.94,0.37,0.084,543.34,9.93,9.84,90.37,346.68
2022-04-05,East,25.15,30.2,0.35,0.058,549.44,9.87,9.74,89.2,339.95
2022-04-05,West,30.96,29.58,0.363,0.062,544.08,10.27,9.91,90.51,345.31
2022-04-05,Central,31.54,29.41,0.361,0.071,549.36,10.08,9.87,90.33,343.58
2022-04-06,North,33.2,29.36,0.368,0.095,557.84,10.16,9.85,91.69,350.5
2022-04-06,South,29.09,29.95,0.371,0.098,544.33,10.03,9.92,90.62,345.35
2022-04-06,East,25.24,29.92,0.336,0.07,552.02,10.14,9.78,89.19,337.77
2022-04-06,West,29.73,29.54,0.356,0.078,542.65,10.03,10.02,90.3,345.18
2022-04-06,Central,29.96,29.64,0.346,0.071,548.15,9.97,9.77,89.82,341.76
2022-04-07,North,34.29,29.25,0.377,0.107,558.91,10.1,9.93,91.25,350.53
2022-04-07,South,29.78,29.87,0.357,0.097,545.4,9.96,9.99,90.42,345.56
2022-04-07,East,28.71,30.17,0.335,0.097,551.59,10.01,9.81,89.43,339.42
2022-04-07,West,33.51,29.47,0.346,0.092,543.89,10.09,10.05,90.45,346.51
2022-04-07,Central,34.81,29.43,0.361,0.08,546.76,9.82,9.84,89.75,343.91
2022-04-08,North,34.9,28.98,0.358,0.069,554.82,9.95,9.99,91.05,349.56
2022-04-08,South,31.82,29.75,0.37,0.058,546.84,9.88,9.8,90.31,347.21
2022-04-08,East,27.83,30.0,0.311,0.028,552.79,9.78,9.86,89.23,339.66
2022-04-08,West,35.23,29.3,0.345,0.035,541.24,9.89,10.21,90.22,346.66
2022-04-08,Central,33.88,29.23,0.323,0.035,548.57,9.95,9.94,89.45,341.85
2022-04-09,North,33.75,28.7,0.356,0.028,555.78,10.08,9.8,91.49,349.9
2022-04-09,South,27.1,29.43,0.345,0.025,546.89,9.97,9.71,90.54,344.29
2022-04-09,East,25.45,29.75,0.323,-0.016,552.11,9.87,9.76,89.24,337.41
2022-04-09,West,30.35,29.02,0.329,0.01,543.84,10.09,10.1,89.62,343.74
2022-04-09,Central,31.46,28.99,0.321,0.009,549.29,9.66,9.73,89.34,341.54
2022-04-10,North,31.43,28.78,0.346,0.04,554.29,9.8,10.13,91.24,349.19
2022-04-10,South,28.99,29.36,0.355,0.052,545.97,9.85,9.83,90.67,344.85
2022-04-10,East,25.91,29.5,0.335,0.025,550.49,9.83,9.74,88.77,338.08
2022-04-10,West,31.49,28.93,0.365,0.023,543.58,10.02,10.08,89.92,344.15
2022-04-10,Central,31.42,28.89,0.356,0.022,549.11,9.82,9.78,89.44,342.41
2022-04-11,North,32.56,28.49,0.389,-0.019,554.67,10.09,9.81,91.15,349.31
2022-04-11,South,30.49,29.37,0.359,-0.012,548.24,9.96,9.97,90.15,345.52
2022-04-11,East,27.08,29.52,0.356,-0.038,546.83,10.17,9.76,88.83,338.05
2022-04-11,West,31.73,28.79,0.357,-0.018,543.61,9.64,10.06,89.83,344.45
2022-04-11,Central,32.59,28.84,0.354,-0.02,549.5,9.78,9.92,89.25,341.4
2022-04-12,North,34.27,28.79,0.379,0.022,556.04,10.25,9.94,90.78,350.44
2022-04-12,South,31.56,29.27,0.377,0.038,546.21,9.77,9.82,90.11,347.72
2022-04-12,East,27.69,29.65,0.34,-0.006,548.28,9.66,9.69,88.91,339.7
2022-04-12,West,32.84,28.96,0.358,-0.007,545.23,9.98,10.04,90.12,346.08
2022-04-12,Central,33.57,28.86,0.349,-0.013,546.59,9.7,9.52,89.37,342.69
2022-04-13,North,32.64,28.92,0.368,-0.008,556.29,10.08,9.85,90.98,350.22
2022-04-13,South,27.86,29.5,0.336,-0.016,545.89,9.75,9.86,90.26,345.03
2022-04-13,East,23.77,29.91,0.324,-0.05,550.93,9.91,9.65,88.62,338.33
2022-04-13,West,31.37,29.11,0.323,-0.025,547.04,10.3,9.76,89.65,343.85
2022-04-13,Central,31.63,29.3,0.338,-0.026,546.04,9.49,9.58,89.79,341.28
2022-04-14,North,32.24,29.15,0.343,0.016,554.19,10.1,9.73,91.08,348.74
2022-04-14,South,30.3,29.82,0.334,0.014,544.19,9.88,9.5,89.94,346.17
2022-04-14,East,27.07,30.01,0.298,-0.027,549.84,9.9,9.87,89.04,337.86
2022-04-14,West,32.2,29.37,0.313,-0.027,544.86,10.01,9.78,89.25,344.85
2022-04-14,Central,32.88,29.22,0.314,-0.009,547.19,9.69,9.7,89.2,341.22
2022-04-15,North,34.46,29.0,0.345,-0.009,555.26,10.09,9.99,91.06,349.06
2022-04-15,South,29.7,29.67,0.346,-0.012,545.95,9.67,9.69,90.04,344.27
2022-04-15,East,26.99,29.69,0.301,-0.024,549.51,9.67,9.73,88.31,337.08
2022-04-15,West,33.09,29.3,0.32,-0.025,545.47,10.13,10.07,90.35,342.61
2022-04-15,Central,32.54,29.18,0.307,-0.025,544.31,9.63,9.44,89.36,339.83
2022-04-16,North,37.34,28.86,0.334,0.01,554.27,10.22,9.83,90.72,347.73
2022-04-16,South,34.35,29.9,0.345,0.002,544.23,9.83,9.59,89.84,345.79
2022-04-16,East,28.56,29.89,0.31,-0.011,546.27,9.74,9.53,88.74,337.81
2022-04-16,West,34.35,29.4,0.316,0.02,545.19,9.95,9.93,89.57,343.34
2022-04-16,Central,35.08,29.37,0.313,-0.018,549.7,9.53,9.79,89.66,341.42
2022-04-17,North,33.76,28.96,0.344,0.086,556.33,10.18,9.66,91.35,348.33
2022-04-17,South,30.26,29.6,0.339,0.055,544.19,9.5,9.59,90.03,344.94
2022-04-17,East,26.43,29.79,0.318,0.086,548.31,9.99,9.62,88.47,337.53
2022-04-17,West,32.22,29.01,0.314,0.073,548.29,10.16,9.78,89.63,344.95
2022-04-17,Central,33.82,29.07,0.342,0.074,550.52,9.79,9.51,89.46,340.87
2022-04-18,North,30.96,29.03,0.362,0.046,555.08,9.96,9.73,90.95,348.13
2022-04-18,South,27.18,29.55,0.351,0.035,544.47,9.55,9.79,90.24,345.14
2022-04-18,East,25.06,29.82,0.311,0.015,557.01,9.81,9.71,89.21,337.82
2022-04-18,West,31.69,29.07,0.339,0.019,544.87,9.97,9.72,89.41,344.91
2022-04-18,Central,30.39,29.11,0.32,0.035,547.08,9.73,9.51,89.21,341.29
2022-04-19,North,29.83,29.05,0.352,0.048,556.86,10.27,9.69,91.05,347.45
2022-04-19,South,24.89,29.58,0.344,0.048,544.97,9.73,9.53,90.34,343.39
2022-04-19,East,23.74,29.9,0.316,0.042,551.11,9.9,9.32,89.24,336.46
2022-04-19,West,27.3,29.27,0.353,0.007,545.95,9.99,9.61,90.35,342.88
2022-04-19,Central,29.06,28.97,0.328,0.052,547.15,9.32,9.71,89.54,338.81
2022-04-20,North,29.22,29.07,0.363,-0.001,554.65,9.99,9.76,91.24,346.03
2022-04-20,South,25.26,29.76,0.358,-0.001,547.71,9.89,9.57,90.31,343.73
2022-04-20,East,21.08,30.04,0.316,-0.008,547.62,9.59,9.42,89.01,337.28
2022-04-20,West,26.71,29.28,0.348,-0.009,541.42,9.97,9.67,89.63,342.62
2022-04-20,Central,26.45,29.27,0.335,-0.021,546.5,9.72,9.51,89.77,339.61
2022-04-21,North,27.46,29.08,0.359,0.003,555.56,9.95,9.63,91.15,346.06
2022-04-21,South,21.84,29.63,0.347,0.005,543.36,9.73,9.54,90.28,341.98
2022-04-21,East,21.59,29.83,0.312,-0.026,550.45,9.73,9.53,89.0,336.52
2022-04-21,West,24.54,29.29,0.351,-0.018,540.12,9.81,9.59,89.71,341.88
2022-04-21,Central,25.67,29.28,0.327,-0.001,545.66,9.72,9.64,89.16,340.58
2022-04-22,North,21.41,29.08,0.359,0.022,555.52,9.96,9.82,91.07,345.42
2022-04-22,South,16.88,29.96,0.339,0.023,545.72,9.81,9.42,90.48,341.01
2022-04-22,East,15.81,30.21,0.314,-0.001,549.77,9.88,9.38,89.39,333.75
2022-04-22,West,19.34,29.45,0.334,0.017,539.23,9.88,9.61,89.82,339.91
2022-04-22,Central,20.7,29.34,0.331,0.015,547.68,9.71,9.64,89.34,339.02
2022-04-23,North,20.55,28.98,0.34,0.018,552.73,9.85,9.86,91.11,346.26
2022-04-23,South,16.71,29.65,0.311,0.025,545.37,9.64,9.47,90.55,341.05
2022-04-23,East,13.89,29.87,0.293,0.005,546.71,9.8,9.58,88.91,335.19
2022-04-23,West,20.25,29.39,0.312,0.008,543.24,9.83,9.7,89.73,342.47
2022-04-23,Central,21.4,29.16,0.299,0.024,546.79,9.59,9.24,89.67,338.91
2022-04-24,North,23.09,28.89,0.338,0.008,554.85,10.13,9.68,91.24,347.28
2022-04-24,South,18.01,29.66,0.33,-0.008,548.28,9.76,9.42,90.67,342.42
2022-04-24,East,15.48,29.95,0.316,-0.044,551.64,9.5,9.57,89.0,336.14
2022-04-24,West,20.97,29.3,0.332,-0.006,543.23,10.1,9.82,89.52,341.73
2022-04-24,Central,22.17,29.23,0.314,0.012,547.78,9.62,9.29,89.64,338.88
2022-04-25,North,20.95,29.24,0.352,0.023,553.52,9.9,9.8,90.93,346.16
2022-04-25,South,14.16,30.06,0.341,0.002,543.58,9.85,9.7,90.29,341.74
2022-04-25,East,15.52,30.28,0.314,-0.001,547.82,9.73,9.44,88.85,334.5
2022-04-25,West,17.83,29.63,0.319,0.009,542.53,9.96,9.82,90.25,340.45
2022-04-25,Central,20.43,29.52,0.31,-0.013,544.93,9.56,9.24,89.23,338.14
2022-04-26,North,25.16,29.28,0.331,-0.001,554.03,9.9,9.67,90.68,345.39
2022-04-26,South,18.55,29.97,0.336,-0.054,545.94,9.72,9.71,90.46,341.79
2022-04-26,East,19.1,30.15,0.29,-0.055,552.87,9.82,9.19,88.42,335.55
2022-04-26,West,21.49,29.53,0.342,0.004,542.46,9.83,9.82,89.39,339.73
2022-04-26,Central,23.08,29.28,0.321,-0.027,548.79,9.66,9.58,89.18,338.52
2022-04-27,North,23.56,29.45,0.323,0.029,554.26,9.88,9.53,90.65,346.0
2022-04-27,South,19.16,30.19,0.34,0.006,540.97,9.8,9.52,90.27,342.23
2022-04-27,East,16.32,30.28,0.31,0.017,549.16,9.66,9.6,88.71,335.26
2022-04-27,West,22.03,29.72,0.31,0.0,540.78,9.92,9.72,89.87,340.73
2022-04-27,Central,23.35,29.63,0.318,-0.017,547.67,9.44,9.51,89.72,336.88
2022-04-28,North,25.6,29.37,0.322,0.018,555.05,9.86,9.46,90.51,346.22
2022-04-28,South,21.71,30.08,0.31,-0.006,541.87,9.54,9.42,89.74,342.95
2022-04-28,East,17.31,30.44,0.293,-0.005,549.25,9.91,9.37,88.75,335.54
2022-04-28,West,23.78,29.73,0.302,0.002,540.55,9.75,9.6,89.4,342.55
2022-04-28,Central,24.95,29.59,0.294,-0.014,549.51,9.61,9.39,89.14,339.26
2022-04-29,North,24.44,29.34,0.316,-0.04,553.25,9.87,9.92,90.79,347.28
2022-04-29,South,21.5,30.1,0.284,-0.03,544.75,9.44,9.52,89.98,342.28
2022-04-29,East,17.53,30.3,0.268,-0.045,549.76,9.65,9.56,88.93,335.78
2022-04-29,West,22.7,29.74,0.295,-0.025,541.34,9.77,9.71,89.42,341.69
2022-04-29,Central,23.63,29.67,0.274,-0.036,545.59,9.42,9.5,88.91,340.48
2022-04-30,North,25.09,29.47,0.343,0.004,558.54,9.93,9.63,90.82,348.16
2022-04-30,South,21.0,30.1,0.325,0.02,541.21,9.79,9.53,89.77,343.7
2022-04-30,East,19.68,30.47,0.303,-0.01,549.7,9.74,9.34,88.66,337.98
2022-04-30,West,23.61,29.85,0.299,0.023,544.9,9.85,9.88,89.61,342.81
2022-04-30,Central,23.64,29.51,0.302,-0.008,545.43,9.49,9.46,88.93,340.24
2022-05-01,North,26.39,29.32,0.333,0.014,557.54,10.23,9.63,90.84,348.23
2022-05-01,South,21.62,30.09,0.332,0.001,543.84,9.66,9.68,90.2,345.42
2022-05-01,East,18.17,30.32,0.301,-0.018,548.02,9.9,9.41,88.58,338.18
2022-05-01,West,21.62,29.65,0.301,0.008,539.59,9.78,9.5,89.21,344.1
2022-05-01,Central,25.57,29.64,0.296,-0.0,543.58,9.5,9.46,88.93,342.49
2022-05-02,North,27.15,29.3,0.314,0.042,551.36,9.72,9.66,90.82,348.85
2022-05-02,South,21.52,29.94,0.296,0.047,542.23,9.35,9.64,89.7,344.67
2022-05-02,East,19.86,30.15,0.28,0.025,548.9,9.79,9.18,88.29,339.27
2022-05-02,West,24.86,29.49,0.292,0.034,540.29,9.63,9.69,89.5,344.71
2022-05-02,Central,25.49,29.51,0.281,0.039,547.13,9.46,9.42,88.62,342.11
2022-05-03,North,27.01,29.34,0.328,0.082,553.36,9.66,9.5,90.58,349.91
2022-05-03,South,21.28,29.92,0.301,0.058,539.31,9.5,9.43,89.54,345.02
2022-05-03,East,18.63,30.11,0.274,0.058,548.1,10.05,9.29,88.44,338.21
2022-05-03,West,25.55,29.53,0.31,0.039,539.06,9.75,9.57,88.83,345.12
2022-05-03,Central,25.26,29.31,0.297,0.065,545.82,9.65,9.37,88.98,341.5
2022-05-04,North,26.09,29.25,0.332,0.065,554.45,9.9,9.5,90.16,348.4
2022-05-04,South,20.64,29.87,0.305,0.055,545.86,9.64,9.24,89.34,343.55
2022-05-04,East,18.55,30.14,0.287,0.022,549.0,9.54,9.29,87.99,337.98
2022-05-04,West,22.7,29.37,0.28,0.038,540.02,9.83,9.59,89.31,342.79
2022-05-04,Central,24.24,29.41,0.271,0.024,543.67,9.3,9.37,88.57,340.62
2022-05-05,North,24.31,29.23,0.372,0.029,552.6,9.62,9.59,90.06,347.7
2022-05-05,South,21.71,29.8,0.355,0.049,542.54,9.66,9.45,89.42,343.99
2022-05-05,East,19.93,30.21,0.335,0.035,548.68,9.68,9.32,88.73,337.21
2022-05-05,West,22.29,29.51,0.332,0.056,541.99,9.72,9.62,88.92,343.43
2022-05-05,Central,24.56,29.27,0.343,0.034,548.93,9.48,9.01,89.29,340.29
2022-05-06,North,24.69,29.31,0.369,0.044,553.7,9.67,9.81,90.69,347.24
2022-05-06,South,19.63,30.14,0.366,0.031,543.38,9.58,9.12,89.42,344.12
2022-05-06,East,19.4,30.17,0.34,0.02,546.95,9.83,9.55,88.34,337.55
2022-05-06,West,23.68,29.68,0.348,0.025,538.46,9.57,9.83,89.24,342.05
2022-05-06,Central,23.16,29.57,0.33,0.053,542.91,9.46,9.23,88.66,339.05
2022-05-07,North,23.74,29.31,0.363,0.07,552.76,9.72,9.67,90.56,346.68
2022-05-07,South,18.83,29.89,0.358,0.076,544.48,9.51,9.49,89.86,342.77
2022-05-07,East,16.65,30.17,0.321,0.057,546.57,9.59,9.27,88.45,335.36
2022-05-07,West,21.55,29.51,0.335,0.064,538.25,9.83,9.77,89.2,343.11
2022-05-07,Central,22.73,29.43,0.332,0.055,543.6,9.59,9.33,88.87,339.32
2022-05-08,North,27.06,29.36,0.385,0.067,553.53,9.88,9.73,90.24,348.48
2022-05-08,South,21.92,29.98,0.343,0.057,544.13,9.71,9.28,89.28,345.09
2022-05-08,East,19.86,30.09,0.349,0.069,549.06,9.4,9.14,88.49,337.47
2022-05-08,West,24.89,29.47,0.366,0.082,540.18,9.63,9.56,89.36,344.28
2022-05-08,Central,25.72,29.45,0.355,0.078,542.28,9.38,9.43,88.62,340.63
2022-05-09,North,26.11,29.27,0.331,0.073,553.73,9.74,9.39,90.01,346.88
2022-05-09,South,20.89,30.02,0.334,0.062,540.58,9.66,9.37,89.11,342.77
2022-05-09,East,19.52,30.18,0.315,0.049,546.54,9.61,9.3,87.81,337.53
2022-05-09,West,24.25,29.55,0.326,0.066,537.99,9.7,9.86,89.16,342.71
2022-05-09,Central,22.78,29.42,0.307,0.056,544.36,9.37,9.36,88.22,340.03
2022-05-10,North,24.74,29.17,0.357,0.071,551.22,9.85,9.31,89.97,347.55
2022-05-10,South,21.78,29.91,0.34,0.064,541.26,9.6,9.18,89.17,342.7
2022-05-10,East,18.25,30.12,0.282,0.019,546.66,9.53,9.17,87.79,336.04
2022-05-10,West,23.66,29.58,0.333,0.047,540.68,9.85,9.56,88.91,341.88
2022-05-10,Central,25.35,29.42,0.314,0.044,541.79,9.38,9.26,88.48,339.57
2022-05-11,North,25.95,29.38,0.351,0.042,551.32,9.91,9.32,89.82,348.12
2022-05-11,South,21.18,30.02,0.339,0.041,542.9,9.49,9.28,89.47,343.53
2022-05-11,East,18.12,30.15,0.319,0.059,545.91,9.46,9.23,87.99,337.28
2022-05-11,West,23.97,29.61,0.359,0.055,538.7,9.66,9.65,89.06,342.06
2022-05-11,Central,25.55,29.46,0.331,0.034,546.69,9.44,9.53,88.36,340.56
2022-05-12,North,28.11,29.02,0.374,0.078,550.18,9.68,9.49,90.28,345.39
2022-05-12,South,23.98,29.6,0.337,0.058,543.65,9.44,9.34,89.61,341.43
2022-05-12,East,21.77,29.8,0.322,0.065,545.75,9.55,9.19,88.02,336.02
2022-05-12,West,26.26,29.31,0.347,0.054,539.09,9.61,9.66,88.92,341.73
2022-05-12,Central,24.62,29.28,0.324,0.056,544.88,9.43,9.27,88.14,339.05
2022-05-13,North,24.91,28.94,0.327,0.075,555.47,9.63,9.56,89.82,344.4
2022-05-13,South,22.78,29.54,0.321,0.062,542.07,9.46,9.38,89.12,340.6
2022-05-13,East,20.49,29.97,0.305,0.044,544.8,9.51,9.4,87.84,334.19
2022-05-13,West,23.57,29.26,0.296,0.062,538.13,9.65,9.25,88.51,340.56
2022-05-13,Central,23.9,29.01,0.3,0.064,542.38,9.32,9.24,87.95,338.59
2022-05-14,North,21.54,28.66,0.324,0.038,553.78,9.87,9.49,90.09,343.51
2022-05-14,South,16.95,29.44,0.31,0.052,540.86,9.57,9.63,89.11,339.88
2022-05-14,East,15.62,29.51,0.275,0.074,542.6,9.8,9.39,87.52,334.55
2022-05-14,West,19.41,28.9,0.287,0.045,538.83,9.75,9.86,88.58,337.48
2022-05-14,Central,20.2,28.92,0.308,0.041,542.42,9.22,9.34,88.2,337.28
2022-05-15,North,23.31,28.47,0.325,0.019,553.37,9.68,9.44,89.61,344.58
2022-05-15,South,18.02,29.24,0.319,0.045,543.06,9.42,9.49,88.81,341.3
2022-05-15,East,14.33,29.4,0.32,0.023,544.53,9.54,9.16,87.4,333.88
2022-05-15,West,19.31,28.76,0.332,0.021,536.85,9.49,9.41,88.73,340.3
2022-05-15,Central,21.95,28.74,0.306,0.043,542.46,9.2,9.31,88.15,337.81
2022-05-16,North,18.33,28.74,0.344,0.041,552.02,9.79,9.3,90.54,342.31
2022-05-16,South,13.72,29.32,0.352,0.013,541.37,9.36,9.24,89.04,338.96
2022-05-16,East,11.79,29.58,0.32,-0.01,545.18,9.51,9.27,88.16,332.45
2022-05-16,West,16.05,28.76,0.32,0.012,537.05,9.47,9.83,88.5,338.8
2022-05-16,Central,16.45,29.03,0.317,-0.005,544.99,9.19,9.33,88.52,336.01
2022-05-17,North,20.44,28.58,0.329,0.004,554.2,9.9,9.45,89.46,344.0
2022-05-17,South,16.84,29.42,0.301,-0.022,541.38,9.34,9.41,88.57,340.81
2022-05-17,East,11.69,29.6,0.294,-0.035,544.76,9.43,9.34,87.49,333.83
2022-05-17,West,18.36,29.01,0.308,0.002,538.87,9.5,9.6,88.26,338.76
2022-05-17,Central,19.35,28.81,0.294,-0.025,545.02,9.2,9.1,87.74,336.94
2022-05-18,North,19.65,28.65,0.289,-0.053,551.26,9.57,9.23,89.44,344.87
2022-05-18,South,16.61,29.35,0.303,-0.055,541.79,9.56,9.59,88.41,339.36
2022-05-18,East,13.82,29.66,0.279,-0.05,545.56,9.38,9.27,87.11,334.7
2022-05-18,West,16.43,29.0,0.29,-0.028,537.07,9.47,9.65,87.81,339.64
2022-05-18,Central,18.89,28.77,0.29,-0.032,543.08,9.3,9.28,87.46,335.83
2022-05-19,North,22.95,28.51,0.305,0.011,548.36,9.8,9.53,89.37,345.05
2022-05-19,South,16.57,29.29,0.276,0.004,537.93,9.27,9.52,88.17,340.19
2022-05-19,East,14.63,29.23,0.271,0.002,546.86,9.49,9.41,87.27,333.11
2022-05-19,West,20.37,28.8,0.265,-0.015,537.49,9.45,9.43,87.89,340.38
2022-05-19,Central,20.86,28.74,0.271,0.018,541.69,9.33,9.21,87.29,337.82
2022-05-20,North,20.41,28.08,0.299,0.016,548.53,9.83,9.59,88.79,343.56
2022-05-20,South,17.25,28.89,0.299,-0.009,537.59,9.46,9.33,88.28,339.59
2022-05-20,East,14.41,29.08,0.272,-0.019,542.73,9.57,9.48,87.29,332.95
2022-05-20,West,18.09,28.37,0.293,-0.006,537.32,9.51,9.89,87.77,338.47
2022-05-20,Central,18.6,28.32,0.282,-0.001,540.1,9.2,9.17,87.69,336.41
2022-05-21,North,17.42,28.04,0.308,0.004,547.68,9.7,9.5,89.09,343.01
2022-05-21,South,12.3,28.85,0.306,0.014,539.27,9.21,9.33,88.43,338.34
2022-05-21,East,11.64,28.96,0.277,-0.027,544.46,9.69,9.26,87.14,331.76
2022-05-21,West,14.95,28.41,0.284,-0.005,537.15,9.64,9.51,88.03,337.97
2022-05-21,Central,16.14,28.2,0.293,-0.016,542.89,9.15,9.16,87.56,336.11
2022-05-22,North,17.28,28.24,0.33,-0.025,553.92,9.62,9.55,89.33,341.54
2022-05-22,South,12.27,29.1,0.32,-0.039,537.31,9.43,9.18,88.44,338.2
2022-05-22,East,9.82,29.26,0.276,-0.054,545.88,9.46,9.23,86.77,330.93
2022-05-22,West,15.13,28.63,0.327,-0.071,533.69,9.6,9.54,87.83,337.18
2022-05-22,Central,15.82,28.6,0.295,-0.054,542.36,9.33,9.22,87.7,334.73
2022-05-23,North,17.58,28.44,0.331,-0.034,547.89,9.63,9.55,88.94,341.29
2022-05-23,South,15.27,29.12,0.33,-0.023,540.61,9.3,9.56,88.43,337.26
2022-05-23,East,10.31,29.24,0.275,-0.05,542.62,9.41,9.13,87.19,330.61
2022-05-23,West,17.17,28.87,0.314,-0.025,537.29,9.51,9.56,88.07,339.13
2022-05-23,Central,16.9,28.73,0.308,-0.036,541.59,9.35,9.28,87.29,334.28
2022-05-24,North,16.84,28.41,0.311,-0.019,549.4,9.6,9.42,88.89,340.63
2022-05-24,South,13.29,29.05,0.295,-0.04,536.75,9.37,9.34,88.37,335.46
2022-05-24,East,9.81,29.26,0.272,-0.032,541.43,9.49,9.12,87.05,328.63
2022-05-24,West,13.82,28.54,0.296,-0.06,537.06,9.5,9.58,87.55,334.38
2022-05-24,Central,16.48,28.52,0.275,-0.04,541.02,9.33,9.35,87.16,331.88
2022-05-25,North,16.48,28.49,0.289,-0.04,548.32,9.7,9.68,88.95,339.37
2022-05-25,South,11.71,29.24,0.263,-0.051,541.08,9.46,9.21,87.97,334.37
2022-05-25,East,11.03,29.31,0.254,-0.057,542.39,9.43,9.39,87.21,327.71
2022-05-25,West,15.44,28.84,0.273,-0.048,539.05,9.59,9.53,87.72,335.4
2022-05-25,Central,14.35,28.61,0.253,-0.054,541.15,9.19,9.47,86.64,332.13
2022-05-26,North,23.35,28.23,0.289,-0.03,549.23,9.65,9.73,88.39,340.91
2022-05-26,South,17.69,28.98,0.277,-0.042,539.8,9.4,9.34,87.9,336.82
2022-05-26,East,14.17,29.16,0.237,-0.048,544.07,9.61,9.16,86.51,329.91
2022-05-26,West,18.08,28.49,0.259,-0.043,534.98,9.44,9.79,87.87,335.88
2022-05-26,Central,20.82,28.3,0.239,-0.067,541.8,9.07,9.29,86.66,333.82
2022-05-27,North,21.76,28.27,0.266,-0.055,547.21,9.53,9.62,87.87,340.45
2022-05-27,South,19.13,28.92,0.261,-0.051,536.57,9.44,9.33,87.18,337.45
2022-05-27,East,15.66,29.11,0.232,-0.067,539.83,9.46,9.33,85.84,329.17
2022-05-27,West,19.09,28.48,0.245,-0.059,535.47,9.58,9.71,86.79,336.33
2022-05-27,Central,22.89,28.37,0.23,-0.08,542.37,9.28,9.47,86.65,334.73
2022-05-28,North,24.32,28.18,0.255,-0.081,549.78,9.72,9.63,87.39,340.31
2022-05-28,South,19.04,28.85,0.248,-0.08,537.83,9.26,9.26,87.6,335.24
2022-05-28,East,18.31,29.09,0.214,-0.11,542.89,9.23,9.13,85.85,329.05
2022-05-28,West,20.5,28.51,0.245,-0.123,535.29,9.57,9.68,86.77,334.77
2022-05-28,Central,23.49,28.38,0.225,-0.09,542.7,9.01,9.33,86.24,331.87
2022-05-29,North,24.45,28.25,0.266,-0.078,548.57,9.46,9.56,87.84,341.3
2022-05-29,South,20.23,28.86,0.255,-0.071,537.36,9.35,9.34,87.25,336.94
2022-05-29,East,16.71,29.12,0.225,-0.089,541.91,9.27,9.52,86.28,329.02
2022-05-29,West,23.34,28.55,0.234,-0.101,538.18,9.51,9.59,86.79,335.78
2022-05-29,Central,22.55,28.63,0.236,-0.065,542.73,9.35,9.3,86.33,331.81
2022-05-30,North,25.58,28.28,0.251,-0.037,549.29,9.74,9.56,88.17,341.03
2022-05-30,South,22.28,29.07,0.238,-0.082,539.06,9.35,9.55,87.16,337.37
2022-05-30,East,18.13,29.29,0.208,-0.087,543.02,9.44,9.29,85.79,329.86
2022-05-30,West,23.87,28.55,0.226,-0.091,535.61,9.47,9.61,86.37,336.6
2022-05-30,Central,25.7,28.44,0.196,-0.085,537.81,9.24,9.5,86.27,333.23
2022-05-31,North,23.68,28.28,0.232,-0.068,544.76,9.67,9.73,87.78,339.49
2022-05-31,South,18.55,28.89,0.198,-0.068,535.97,9.37,9.45,87.26,335.56
2022-05-31,East,16.5,29.19,0.168,-0.066,539.7,9.22,9.39,85.39,328.71
2022-05-31,West,23.24,28.58,0.215,-0.06,535.0,9.4,9.55,86.5,336.14
2022-05-31,Central,23.55,28.49,0.212,-0.075,538.09,9.29,9.33,86.25,332.4
2022-06-01,North,20.78,28.34,0.241,-0.088,549.93,9.52,9.81,87.73,336.7
2022-06-01,South,18.01,29.2,0.223,-0.098,536.46,9.29,9.39,87.2,332.37
2022-06-01,East,12.16,29.17,0.202,-0.107,540.32,9.27,9.55,85.42,325.21
2022-06-01,West,18.59,28.65,0.211,-0.098,537.39,9.41,9.57,86.42,331.79
2022-06-01,Central,20.29,28.48,0.185,-0.097,537.24,9.05,9.52,86.51,330.18
2022-06-02,North,18.89,28.15,0.251,-0.11,544.26,9.72,9.61,87.93,335.37
2022-06-02,South,16.94,28.94,0.215,-0.097,533.37,9.27,9.7,86.73,333.18
2022-06-02,East,13.17,29.22,0.189,-0.137,541.4,9.37,9.23,85.99,325.35
2022-06-02,West,17.55,28.46,0.202,-0.12,531.52,9.54,9.87,86.57,331.3
2022-06-02,Central,19.29,28.4,0.182,-0.137,535.71,9.2,9.66,85.85,330.18
2022-06-03,North,19.95,28.32,0.261,-0.072,547.54,9.62,9.63,87.84,336.63
2022-06-03,South,18.64,29.12,0.231,-0.101,535.54,9.4,9.81,87.27,333.0
2022-06-03,East,15.28,29.33,0.23,-0.138,541.91,9.07,9.53,85.88,325.42
2022-06-03,West,19.13,28.45,0.228,-0.108,532.47,9.37,9.71,86.4,332.46
2022-06-03,Central,18.59,28.55,0.218,-0.108,541.95,9.29,9.31,86.58,328.0
2022-06-04,North,20.09,28.53,0.267,-0.039,548.97,9.56,9.7,88.18,336.03
2022-06-04,South,17.02,29.22,0.249,-0.041,533.25,9.23,9.58,87.38,332.38
2022-06-04,East,13.12,29.49,0.199,-0.072,542.56,9.41,9.21,85.94,325.89
2022-06-04,West,18.23,28.76,0.24,-0.07,533.45,9.5,9.73,86.54,331.72
2022-06-04,Central,19.68,28.74,0.229,-0.059,535.61,9.13,9.68,86.2,328.84
2022-06-05,North,20.9,28.35,0.244,-0.049,546.9,9.34,9.65,87.82,337.87
2022-06-05,South,14.78,29.21,0.237,-0.03,533.69,9.11,9.72,87.07,333.24
2022-06-05,East,10.83,29.45,0.209,-0.09,540.79,9.3,9.31,85.98,326.09
2022-06-05,West,16.02,28.57,0.233,-0.086,533.57,9.63,9.83,86.54,332.62
2022-06-05,Central,18.21,28.47,0.218,-0.083,539.36,8.93,9.31,86.06,329.63
2022-06-06,North,18.73,28.34,0.238,-0.082,545.79,9.73,9.45,87.93,336.85
2022-06-06,South,14.51,28.97,0.234,-0.068,532.07,9.38,9.56,86.78,334.38
2022-06-06,East,10.68,29.19,0.206,-0.103,538.95,9.29,9.5,85.49,326.38
2022-06-06,West,16.15,28.61,0.237,-0.092,535.51,9.58,9.95,86.99,331.21
2022-06-06,Central,16.95,28.46,0.208,-0.102,536.73,9.03,9.48,86.28,329.39
2022-06-07,North,19.82,28.34,0.209,-0.078,546.2,9.71,9.54,87.64,338.67
2022-06-07,South,17.59,28.97,0.204,-0.071,534.08,9.31,9.78,86.78,334.68
2022-06-07,East,12.74,29.29,0.177,-0.097,536.69,9.41,9.56,85.63,327.88
2022-06-07,West,17.91,28.75,0.195,-0.075,533.29,9.45,9.68,86.27,333.7
2022-06-07,Central,17.34,28.41,0.195,-0.096,538.45,9.35,9.36,85.62,330.41
2022-06-08,North,21.43,28.25,0.215,-0.07,545.3,9.68,9.78,87.44,338.88
2022-06-08,South,18.41,28.89,0.199,-0.093,533.37,9.38,9.51,86.73,334.99
2022-06-08,East,13.67,29.21,0.169,-0.111,538.23,9.22,9.5,85.06,327.69
2022-06-08,West,20.53,28.7,0.177,-0.092,533.91,9.54,9.73,86.15,334.03
2022-06-08,Central,20.92,28.36,0.19,-0.093,534.37,9.32,9.53,85.92,330.33
2022-06-09,North,22.58,28.34,0.224,-0.068,544.69,9.36,9.64,87.49,340.4
2022-06-09,South,19.39,28.97,0.202,-0.044,535.29,9.35,9.86,86.59,336.21
2022-06-09,East,15.11,29.26,0.181,-0.061,538.13,9.2,9.53,85.23,328.88
2022-06-09,West,20.64,28.8,0.202,-0.068,533.91,9.45,9.79,86.09,334.25
2022-06-09,Central,21.4,28.52,0.175,-0.089,536.06,9.18,9.57,85.87,332.66
2022-06-10,North,23.41,28.3,0.216,-0.042,546.66,9.64,9.72,87.43,338.61
2022-06-10,South,19.83,28.88,0.201,-0.036,533.67,9.41,9.7,86.84,334.29
2022-06-10,East,15.97,29.14,0.158,-0.067,536.21,9.24,9.61,85.41,327.73
2022-06-10,West,20.35,28.67,0.222,-0.048,530.4,9.55,9.99,86.01,333.23
2022-06-10,Central,21.24,28.44,0.187,-0.076,535.75,9.12,9.58,85.92,331.47
2022-06-11,North,23.42,28.62,0.186,-0.113,542.92,9.36,9.78,87.35,337.59
2022-06-11,South,19.39,29.19,0.185,-0.118,532.24,9.23,9.58,86.41,333.17
2022-06-11,East,15.44,29.36,0.135,-0.115,539.14,9.24,9.41,85.47,326.99
2022-06-11,West,20.11,28.79,0.174,-0.105,530.85,9.55,9.76,85.88,332.53
2022-06-11,Central,22.01,28.68,0.166,-0.135,536.35,9.36,9.49,85.49,328.38
2022-06-12,North,22.98,28.44,0.178,-0.098,543.94,9.56,9.79,87.13,337.33
2022-06-12,South,16.77,29.07,0.169,-0.089,534.14,9.17,9.76,86.8,333.74
2022-06-12,East,15.8,29.4,0.118,-0.107,535.11,9.23,9.82,84.97,324.99
2022-06-12,West,19.85,28.8,0.159,-0.11,530.1,9.58,9.72,86.06,332.56
2022-06-12,Central,21.67,28.58,0.142,-0.095,539.64,9.45,9.64,85.76,330.01
2022-06-13,North,18.99,28.39,0.189,-0.09,540.71,9.41,9.73,87.41,337.21
2022-06-13,South,16.5,29.04,0.18,-0.112,532.54,9.17,10.03,86.73,331.52
2022-06-13,East,13.65,29.4,0.15,-0.125,537.14,9.18,9.4,85.34,324.96
2022-06-13,West,17.62,28.78,0.159,-0.104,530.05,9.53,9.91,86.53,331.47
2022-06-13,Central,20.14,28.64,0.157,-0.138,536.36,9.36,9.33,85.85,327.71
2022-06-14,North,17.22,28.54,0.197,-0.125,546.07,9.66,9.8,87.68,334.67
2022-06-14,South,12.07,29.2,0.193,-0.136,527.48,9.29,9.67,86.4,330.68
2022-06-14,East,12.61,29.41,0.167,-0.139,537.8,9.46,9.65,85.45,324.64
2022-06-14,West,16.0,28.85,0.166,-0.137,528.36,9.32,9.62,86.18,330.82
2022-06-14,Central,15.16,28.83,0.164,-0.142,536.79,9.05,9.58,85.41,327.2
2022-06-15,North,17.96,28.43,0.15,-0.131,543.32,9.69,9.74,87.39,334.24
2022-06-15,South,13.02,29.09,0.147,-0.136,534.09,9.13,9.63,86.54,330.37
2022-06-15,East,11.03,29.32,0.117,-0.156,538.97,9.3,9.72,85.46,324.12
2022-06-15,West,15.7,28.62,0.158,-0.129,530.37,9.22,9.87,86.04,329.06
2022-06-15,Central,16.7,28.69,0.118,-0.147,534.43,9.1,9.81,85.73,326.35
2022-06-16,North,18.43,28.13,0.204,-0.1,546.14,9.73,9.81,87.5,335.53
2022-06-16,South,12.97,28.87,0.194,-0.134,529.97,9.13,9.79,86.65,331.01
2022-06-16,East,9.8,29.11,0.167,-0.131,535.58,9.46,9.52,84.93,324.25
2022-06-16,West,17.16,28.51,0.187,-0.109,530.68,9.4,9.93,86.08,330.65
2022-06-16,Central,18.12,28.46,0.174,-0.123,533.09,9.28,9.53,85.63,327.79
2022-06-17,North,21.57,28.23,0.2,-0.121,541.98,9.62,9.8,86.98,335.1
2022-06-17,South,16.73,28.85,0.199,-0.153,537.5,9.05,9.82,86.26,331.72
2022-06-17,East,14.0,29.0,0.154,-0.137,535.08,9.29,9.61,84.58,323.99
2022-06-17,West,18.17,28.5,0.172,-0.161,529.96,9.42,9.99,85.48,331.19
2022-06-17,Central,19.84,28.29,0.168,-0.175,538.41,9.18,9.71,85.39,329.4
2022-06-18,North,23.52,28.24,0.196,-0.125,538.42,9.47,9.99,86.98,336.53
2022-06-18,South,19.7,28.81,0.201,-0.15,531.63,9.46,9.78,85.55,331.86
2022-06-18,East,15.63,28.91,0.151,-0.128,537.58,9.35,9.86,84.7,325.29
2022-06-18,West,21.73,28.63,0.189,-0.138,528.19,9.29,10.21,85.29,332.26
2022-06-18,Central,20.76,28.4,0.185,-0.137,531.38,9.15,9.61,85.16,328.35
2022-06-19,North,24.3,27.84,0.215,-0.094,542.22,9.46,9.94,86.69,336.15
2022-06-19,South,22.16,28.75,0.191,-0.121,527.3,9.13,9.85,85.97,332.76
2022-06-19,East,17.43,28.84,0.182,-0.121,536.29,9.23,9.77,85.19,324.86
2022-06-19,West,22.59,28.12,0.183,-0.115,526.62,9.4,10.22,85.5,331.87
2022-06-19,Central,24.95,28.14,0.19,-0.11,533.69,8.99,9.82,84.99,328.92
2022-06-20,North,24.83,27.96,0.205,-0.094,539.41,9.69,9.95,86.65,336.38
2022-06-20,South,18.77,28.61,0.182,-0.106,528.12,9.06,9.97,86.04,331.1
2022-06-20,East,16.72,28.92,0.155,-0.128,536.05,9.53,9.76,84.87,324.74
2022-06-20,West,21.31,28.32,0.154,-0.112,528.63,9.53,10.04,85.51,330.78
2022-06-20,Central,23.8,28.27,0.161,-0.127,529.76,9.18,9.77,84.85,328.89
2022-06-21,North,23.47,27.74,0.181,-0.12,540.31,9.45,10.02,86.84,335.24
2022-06-21,South,18.58,28.55,0.169,-0.134,530.0,9.1,10.03,85.73,330.93
2022-06-21,East,15.14,28.7,0.151,-0.124,535.69,9.29,9.88,84.63,322.26
2022-06-21,West,21.66,28.12,0.154,-0.138,527.76,9.46,10.03,85.61,331.01
2022-06-21,Central,21.41,27.89,0.132,-0.114,531.68,9.04,9.92,84.62,326.37
2022-06-22,North,24.56,27.76,0.225,-0.126,538.16,9.6,10.33,86.29,335.09
2022-06-22,South,18.4,28.74,0.201,-0.159,529.1,9.05,10.06,85.35,331.96
2022-06-22,East,16.53,28.83,0.18,-0.143,533.41,9.2,9.87,83.83,325.96
2022-06-22,West,21.11,28.25,0.197,-0.14,527.35,9.26,10.15,85.11,331.04
2022-06-22,Central,21.69,28.26,0.183,-0.157,533.81,9.1,9.81,84.72,327.83
2022-06-23,North,27.15,27.8,0.229,-0.11,542.15,9.48,10.08,86.52,337.48
2022-06-23,South,21.02,28.25,0.212,-0.11,527.09,9.37,10.05,85.02,333.57
2022-06-23,East,20.44,28.44,0.178,-0.123,536.3,9.4,10.01,84.16,325.92
2022-06-23,West,25.95,27.98,0.212,-0.115,525.24,9.46,10.02,84.92,334.86
2022-06-23,Central,26.82,27.97,0.189,-0.12,533.81,9.28,9.77,84.56,330.44
2022-06-24,North,27.59,27.37,0.222,-0.116,540.59,9.63,9.84,85.75,338.92
2022-06-24,South,24.09,28.11,0.234,-0.135,528.17,9.17,9.93,85.39,333.66
2022-06-24,East,22.86,28.37,0.215,-0.159,534.71,9.27,9.84,83.79,328.41
2022-06-24,West,29.08,27.84,0.2,-0.154,531.16,9.39,10.1,84.94,333.35
2022-06-24,Central,27.74,27.71,0.214,-0.128,533.93,9.12,10.04,84.58,330.87
2022-06-25,North,29.17,27.19,0.243,-0.112,540.02,9.39,9.93,85.87,338.37
2022-06-25,South,25.19,28.02,0.206,-0.063,530.95,9.31,10.17,85.35,334.06
2022-06-25,East,24.01,28.26,0.203,-0.106,531.24,9.26,10.08,84.11,326.68
2022-06-25,West,29.19,27.51,0.222,-0.104,527.14,9.38,10.11,84.67,334.53
2022-06-25,Central,29.44,27.47,0.212,-0.094,532.62,9.19,9.9,84.26,331.01
2022-06-26,North,29.05,27.19,0.231,-0.101,539.83,9.48,10.3,86.15,336.56
2022-06-26,South,24.23,27.84,0.192,-0.116,528.74,9.2,10.02,85.45,332.11
2022-06-26,East,21.25,28.02,0.179,-0.12,535.51,9.29,9.93,83.8,326.08
2022-06-26,West,25.21,27.56,0.201,-0.107,526.95,9.45,9.93,84.97,332.05
2022-06-26,Central,26.59,27.44,0.186,-0.117,527.55,9.02,9.77,84.39,327.83
2022-06-27,North,26.06,27.09,0.239,-0.061,539.65,9.37,10.04,86.29,334.66
2022-06-27,South,22.77,27.96,0.22,-0.119,529.89,9.1,10.04,85.31,330.56
2022-06-27,East,18.44,28.05,0.185,-0.109,534.45,9.29,9.82,83.9,324.23
2022-06-27,West,24.59,27.3,0.194,-0.103,523.13,9.25,10.31,84.82,329.82
2022-06-27,Central,25.76,27.33,0.195,-0.113,531.53,9.1,9.81,84.48,328.07
2022-06-28,North,27.29,27.28,0.214,-0.121,538.06,9.4,10.21,86.01,338.18
2022-06-28,South,24.07,27.9,0.21,-0.138,525.19,9.07,10.13,85.36,333.28
2022-06-28,East,21.89,28.03,0.169,-0.158,533.22,9.45,9.85,83.43,326.47
2022-06-28,West,22.72,27.5,0.203,-0.151,527.16,9.15,10.07,84.82,332.65
2022-06-28,Central,28.54,27.34,0.173,-0.152,530.1,9.05,9.98,84.08,330.29
2022-06-29,North,26.79,27.14,0.208,-0.118,539.59,9.49,10.15,85.34,337.23
2022-06-29,South,21.28,27.85,0.195,-0.147,528.28,9.19,10.24,84.65,332.55
2022-06-29,East,19.26,27.89,0.185,-0.119,533.42,9.38,10.03,83.79,326.0
2022-06-29,West,25.26,27.45,0.195,-0.131,525.77,9.37,10.3,84.47,333.08
2022-06-29,Central,26.28,27.38,0.182,-0.133,530.87,9.11,10.11,83.76,330.11
2022-06-30,North,26.08,27.23,0.196,-0.094,536.85,9.4,10.11,85.39,336.6
2022-06-30,South,21.25,27.89,0.181,-0.105,528.18,8.94,10.14,84.78,331.71
2022-06-30,East,17.21,27.99,0.132,-0.133,529.14,9.15,9.88,83.17,325.28
2022-06-30,West,21.18,27.3,0.159,-0.127,527.96,9.41,10.12,84.59,330.86
2022-06-30,Central,25.27,27.25,0.143,-0.106,529.22,9.09,9.91,83.84,328.37
2022-07-01,North,24.96,26.93,0.15,-0.144,539.02,9.66,10.14,85.31,335.78
2022-07-01,South,20.53,27.81,0.147,-0.128,529.56,9.19,10.17,84.94,329.28
2022-07-01,East,17.2,28.07,0.114,-0.126,531.09,9.24,10.02,83.01,325.53
2022-07-01,West,24.13,27.38,0.126,-0.136,526.59,9.26,10.31,84.44,330.28
2022-07-01,Central,24.66,27.24,0.133,-0.122,528.35,9.02,9.97,83.93,326.98
2022-07-02,North,26.42,26.85,0.143,-0.099,539.0,9.43,10.22,84.93,336.14
2022-07-02,South,22.6,27.74,0.131,-0.099,524.14,9.38,10.49,84.57,332.87
2022-07-02,East,18.52,27.71,0.104,-0.12,531.37,9.27,9.89,83.31,324.81
2022-07-02,West,24.16,27.17,0.134,-0.129,524.35,9.18,10.41,84.25,331.31
2022-07-02,Central,26.91,27.16,0.107,-0.124,526.76,9.1,10.02,83.74,329.52
2022-07-03,North,27.28,27.09,0.134,-0.095,538.04,9.45,10.29,85.51,335.61
2022-07-03,South,22.0,27.79,0.123,-0.097,528.71,9.23,10.25,85.04,330.24
2022-07-03,East,19.74,27.93,0.093,-0.103,530.16,9.3,10.3,82.97,324.14
2022-07-03,West,24.3,27.27,0.105,-0.118,524.08,9.42,10.48,83.75,330.13
2022-07-03,Central,25.24,27.21,0.108,-0.128,525.94,9.12,9.95,83.89,326.69
2022-07-04,North,22.48,27.14,0.106,-0.115,535.88,9.46,10.44,84.9,333.15
2022-07-04,South,19.27,27.87,0.109,-0.117,523.06,9.06,10.16,84.54,329.16
2022-07-04,East,15.89,27.96,0.066,-0.137,528.69,9.4,10.22,82.86,322.42
2022-07-04,West,19.51,27.44,0.09,-0.126,521.26,9.6,10.36,84.06,327.89
2022-07-04,Central,23.28,27.41,0.061,-0.129,531.35,9.03,10.15,83.27,325.89
2022-07-05,North,23.13,27.13,0.11,-0.108,537.67,9.33,10.51,85.06,334.27
2022-07-05,South,18.77,27.86,0.098,-0.1,524.58,9.04,10.28,84.2,329.59
2022-07-05,East,17.18,28.09,0.068,-0.097,531.69,9.21,10.06,83.32,323.33
2022-07-05,West,20.76,27.28,0.101,-0.114,524.97,9.62,10.47,83.76,329.2
2022-07-05,Central,22.75,27.39,0.089,-0.114,526.91,9.2,10.04,82.93,326.52
2022-07-06,North,23.84,27.17,0.161,-0.129,537.34,9.51,10.39,85.09,333.67
2022-07-06,South,20.67,27.78,0.111,-0.128,525.66,9.24,10.1,83.93,329.94
2022-07-06,East,16.08,28.15,0.113,-0.155,530.69,9.44,10.11,83.26,321.35
2022-07-06,West,21.37,27.39,0.144,-0.14,520.96,9.62,10.43,83.95,328.45
2022-07-06,Central,21.38,27.35,0.137,-0.131,531.56,9.0,9.93,83.45,327.39
2022-07-07,North,24.29,27.12,0.153,-0.126,535.53,9.75,10.5,84.68,334.37
2022-07-07,South,18.73,27.75,0.158,-0.105,527.39,9.23,10.31,84.66,328.36
2022-07-07,East,15.68,28.19,0.126,-0.142,527.38,9.35,10.2,82.94,322.62
2022-07-07,West,23.32,27.57,0.156,-0.123,519.42,9.47,10.55,83.98,328.48
2022-07-07,Central,23.75,27.41,0.123,-0.123,526.07,9.08,10.05,83.36,326.29
2022-07-08,North,24.39,27.38,0.168,-0.086,536.08,9.36,10.38,85.14,333.97
2022-07-08,South,19.44,28.09,0.147,-0.069,523.5,9.3,10.47,84.58,330.07
2022-07-08,East,15.95,28.17,0.1,-0.09,530.85,9.31,10.03,82.94,324.32
2022-07-08,West,22.29,27.7,0.169,-0.084,518.04,9.26,10.53,83.77,329.78
2022-07-08,Central,21.88,27.54,0.129,-0.077,530.82,9.3,10.08,83.52,326.76
2022-07-09,North,23.47,27.33,0.15,-0.029,535.22,9.51,10.46,85.22,334.3
2022-07-09,South,18.39,28.11,0.146,-0.053,523.42,9.29,10.47,84.11,330.8
2022-07-09,East,17.08,28.07,0.104,-0.074,529.14,9.25,9.87,83.09,323.56
2022-07-09,West,21.33,27.57,0.129,-0.077,518.39,9.49,10.64,83.87,329.47
2022-07-09,Central,23.19,27.55,0.115,-0.059,526.43,9.06,10.35,83.75,325.12
2022-07-10,North,24.87,27.17,0.174,-0.055,528.71,9.6,10.55,84.58,333.64
2022-07-10,South,20.17,28.02,0.154,-0.037,520.83,9.13,10.14,84.18,328.86
2022-07-10,East,18.71,28.11,0.136,-0.03,529.11,9.26,10.19,82.77,323.06
2022-07-10,West,23.61,27.45,0.133,-0.053,522.55,9.38,10.31,83.85,328.41
2022-07-10,Central,25.02,27.49,0.11,-0.043,527.47,8.92,10.34,83.17,327.05
2022-07-11,North,21.73,27.0,0.197,-0.062,532.75,9.43,10.41,85.13,332.76
2022-07-11,South,19.43,27.83,0.149,-0.042,523.83,9.13,10.61,84.33,329.38
2022-07-11,East,15.72,28.03,0.142,-0.06,527.24,9.16,10.26,82.99,321.98
2022-07-11,West,21.12,27.34,0.153,-0.035,521.9,9.34,10.34,83.71,327.95
2022-07-11,Central,22.94,27.2,0.146,-0.079,527.6,8.91,10.34,83.27,325.76
2022-07-12,North,22.71,26.88,0.168,-0.054,537.77,9.53,10.51,84.7,331.52
2022-07-12,South,19.88,27.5,0.141,-0.07,519.77,9.25,10.33,84.05,326.66
2022-07-12,East,16.37,27.83,0.128,-0.075,528.3,9.19,10.15,82.79,320.17
2022-07-12,West,22.24,27.22,0.141,-0.073,520.38,9.41,10.66,83.5,328.02
2022-07-12,Central,22.55,27.12,0.135,-0.058,525.62,9.03,10.39,83.1,324.14
2022-07-13,North,24.58,26.78,0.16,-0.066,535.82,9.47,10.5,84.66,331.71
2022-07-13,South,20.4,27.48,0.165,-0.068,523.44,9.18,10.66,83.67,327.32
2022-07-13,East,17.22,27.61,0.125,-0.065,527.99,9.33,10.28,82.33,320.76
2022-07-13,West,23.51,27.0,0.132,-0.052,520.4,9.42,10.48,83.41,326.39
2022-07-13,Central,23.71,26.93,0.128,-0.099,530.02,8.98,10.34,82.82,324.89
2022-07-14,North,23.28,26.54,0.168,-0.062,532.54,9.59,10.71,84.26,331.79
2022-07-14,South,18.16,27.3,0.165,-0.064,521.49,9.24,10.43,83.44,328.94
2022-07-14,East,15.95,27.26,0.115,-0.078,529.81,9.11,10.51,82.36,320.32
2022-07-14,West,21.77,26.7,0.135,-0.054,519.47,9.52,10.61,83.12,328.07
2022-07-14,Central,23.66,26.79,0.143,-0.065,525.45,9.21,10.03,82.81,324.72
2022-07-15,North,21.34,26.57,0.176,-0.07,532.12,9.43,10.7,83.88,332.8
2022-07-15,South,17.55,27.36,0.166,-0.065,525.35,9.33,10.71,83.26,327.67
2022-07-15,East,14.6,27.3,0.148,-0.076,529.01,9.37,10.4,82.16,320.27
2022-07-15,West,17.6,26.8,0.145,-0.069,518.8,9.4,10.71,83.27,325.84
2022-07-15,Central,21.74,26.68,0.141,-0.06,527.65,9.4,10.31,83.1,323.58
2022-07-16,North,24.25,26.75,0.164,-0.032,530.0,9.39,10.58,84.28,334.11
2022-07-16,South,21.22,27.19,0.146,-0.052,521.39,9.18,10.53,83.35,328.07
2022-07-16,East,17.25,27.44,0.105,-0.057,529.08,9.49,10.41,81.79,322.53
2022-07-16,West,21.21,26.94,0.138,-0.048,523.29,9.39,10.78,83.14,328.13
2022-07-16,Central,22.09,26.87,0.131,-0.059,521.7,9.26,10.47,82.55,325.23
2022-07-17,North,26.75,26.54,0.153,-0.008,531.36,9.52,10.48,84.25,333.78
2022-07-17,South,24.98,27.17,0.162,-0.003,523.09,9.34,10.48,83.48,330.23
2022-07-17,East,20.25,27.54,0.128,-0.017,530.73,9.31,10.63,82.07,322.68
2022-07-17,West,24.7,27.01,0.137,-0.014,517.7,9.33,10.71,82.87,328.46
2022-07-17,Central,24.73,26.88,0.135,-0.024,524.7,9.24,10.49,82.49,327.11
2022-07-18,North,26.25,26.48,0.157,-0.011,531.31,9.53,10.8,84.31,335.21
2022-07-18,South,22.32,27.27,0.165,-0.019,520.16,9.35,10.4,83.3,331.97
2022-07-18,East,17.79,27.24,0.138,0.011,526.99,9.4,10.3,82.35,324.34
2022-07-18,West,24.93,26.82,0.155,-0.006,520.19,9.46,10.82,82.73,331.11
2022-07-18,Central,25.54,26.74,0.135,-0.006,525.74,8.97,10.5,82.53,328.84
2022-07-19,North,24.2,26.51,0.163,-0.042,533.23,9.84,10.67,84.07,334.26
2022-07-19,South,20.91,27.14,0.172,-0.024,520.44,9.37,10.33,83.38,330.43
2022-07-19,East,17.11,27.39,0.145,-0.039,526.99,9.38,10.53,81.8,322.9
2022-07-19,West,22.28,26.7,0.165,-0.025,519.45,9.35,10.74,82.54,329.4
2022-07-19,Central,23.08,26.53,0.148,-0.048,521.88,9.05,10.51,82.18,327.2
2022-07-20,North,24.01,26.51,0.195,-0.042,530.35,9.47,10.62,83.84,334.07
2022-07-20,South,23.39,27.31,0.169,-0.05,521.13,9.03,10.54,83.2,331.54
2022-07-20,East,18.86,27.59,0.154,-0.079,527.67,9.34,10.58,82.23,323.99
2022-07-20,West,23.15,26.81,0.17,-0.057,518.74,9.4,10.77,82.73,329.68
2022-07-20,Central,24.1,26.93,0.157,-0.071,520.97,8.98,10.44,81.9,328.43
2022-07-21,North,23.14,26.49,0.214,-0.041,532.41,9.47,10.67,84.47,332.99
2022-07-21,South,17.36,27.26,0.204,-0.051,519.94,9.23,10.45,83.18,329.71
2022-07-21,East,15.74,27.46,0.167,-0.053,524.35,9.18,10.46,82.18,322.62
2022-07-21,West,21.96,26.77,0.194,-0.059,517.51,9.77,10.8,82.68,328.89
2022-07-21,Central,22.88,26.66,0.175,-0.062,526.82,9.15,10.41,82.38,325.88
2022-07-22,North,24.59,26.3,0.18,-0.03,529.62,9.64,10.74,84.19,334.8
2022-07-22,South,20.0,27.26,0.187,-0.04,521.92,9.26,10.72,83.01,329.64
2022-07-22,East,17.7,27.26,0.149,-0.068,522.81,9.26,10.28,81.84,323.45
2022-07-22,West,22.91,26.74,0.186,-0.04,519.27,9.49,10.85,82.79,329.75
2022-07-22,Central,23.7,26.76,0.145,-0.046,524.54,9.16,10.26,82.72,326.95
2022-07-23,North,25.15,26.41,0.186,-0.019,529.4,9.73,10.73,83.93,335.12
2022-07-23,South,20.53,26.94,0.183,-0.031,519.0,9.36,10.86,82.92,330.6
2022-07-23,East,16.56,27.51,0.16,-0.037,526.14,9.43,10.45,81.87,324.12
2022-07-23,West,20.35,26.68,0.171,-0.037,520.46,9.3,10.98,83.22,329.31
2022-07-23,Central,22.01,26.43,0.17,-0.015,521.34,9.05,10.52,82.14,326.84
2022-07-24,North,25.51,26.36,0.197,-0.008,527.89,9.58,10.77,84.02,334.92
2022-07-24,South,19.47,27.19,0.194,-0.044,518.84,9.23,10.59,83.23,329.66
2022-07-24,East,16.84,27.24,0.144,-0.036,523.05,9.55,10.66,81.82,323.69
2022-07-24,West,22.24,26.85,0.196,-0.027,514.99,9.48,10.72,82.49,330.27
2022-07-24,Central,21.94,26.59,0.171,-0.061,525.56,9.17,10.34,82.48,328.05
2022-07-25,North,22.86,26.29,0.242,-0.024,528.37,9.48,10.55,84.04,335.02
2022-07-25,South,19.52,26.88,0.253,0.004,518.72,9.36,10.61,83.23,330.11
2022-07-25,East,17.3,27.12,0.194,-0.036,523.19,9.39,10.56,82.15,325.14
2022-07-25,West,20.49,26.44,0.23,-0.006,513.93,9.5,10.81,83.03,330.36
2022-07-25,Central,22.76,26.42,0.211,-0.018,524.63,9.17,10.48,82.53,327.96
2022-07-26,North,22.87,26.17,0.229,-0.028,530.4,9.34,10.76,84.03,333.9
2022-07-26,South,18.95,26.9,0.21,-0.026,515.59,9.14,10.53,83.37,331.41
2022-07-26,East,16.48,27.25,0.174,-0.035,522.84,9.29,10.55,82.05,322.94
2022-07-26,West,20.68,26.43,0.197,-0.021,518.78,9.41,10.86,82.44,330.02
2022-07-26,Central,21.72,26.39,0.201,-0.025,519.74,8.99,10.46,82.14,327.07
2022-07-27,North,23.62,26.07,0.207,-0.039,530.14,9.53,10.83,83.68,335.09
2022-07-27,South,21.05,26.89,0.195,-0.032,515.31,9.21,10.56,82.78,331.03
2022-07-27,East,17.08,27.1,0.172,-0.045,520.79,9.39,10.63,81.94,323.82
2022-07-27,West,22.79,26.47,0.182,-0.06,512.62,9.69,10.65,82.47,330.9
2022-07-27,Central,21.85,26.24,0.157,-0.024,525.28,9.08,10.63,82.32,327.15
2022-07-28,North,27.67,25.91,0.18,-0.035,527.65,9.7,10.87,83.51,335.04
2022-07-28,South,21.76,26.62,0.195,-0.047,517.45,9.5,10.78,83.21,329.59
2022-07-28,East,18.82,26.99,0.145,-0.07,522.51,9.21,10.48,81.52,324.69
2022-07-28,West,23.19,26.29,0.188,-0.068,516.4,9.52,10.92,82.39,329.84
2022-07-28,Central,23.82,26.37,0.157,-0.052,519.47,9.3,10.54,82.32,327.85
2022-07-29,North,26.62,26.01,0.189,-0.063,529.7,9.61,10.7,83.25,335.29
2022-07-29,South,21.64,26.69,0.182,-0.073,517.11,9.27,10.77,82.83,332.15
2022-07-29,East,18.01,26.96,0.154,-0.072,524.65,9.54,10.46,81.77,323.9
2022-07-29,West,23.43,26.27,0.188,-0.064,513.22,9.34,10.74,82.1,330.48
2022-07-29,Central,24.23,26.15,0.18,-0.055,523.74,8.97,10.79,81.99,327.62
2022-07-30,North,28.43,25.93,0.198,-0.023,527.61,9.43,10.92,83.99,336.34
2022-07-30,South,23.79,26.57,0.208,-0.007,513.82,9.35,10.7,82.65,332.09
2022-07-30,East,19.6,26.89,0.175,-0.016,519.81,9.33,10.6,81.61,325.31
2022-07-30,West,26.2,26.07,0.196,-0.018,517.19,9.31,11.02,82.41,332.28
2022-07-30,Central,28.47,26.08,0.187,-0.035,519.32,9.06,10.69,81.77,329.83
2022-07-31,North,27.11,25.97,0.212,-0.057,527.89,9.62,10.53,83.59,335.8
2022-07-31,South,25.9,26.67,0.189,-0.026,516.71,9.51,10.76,82.48,332.27
2022-07-31,East,21.29,26.8,0.174,-0.039,519.38,9.45,10.56,81.45,325.32
2022-07-31,West,25.87,26.41,0.166,-0.016,511.05,9.47,11.0,81.68,331.96
2022-07-31,Central,26.03,26.07,0.157,-0.034,518.64,9.33,10.62,81.7,328.14
2022-08-01,North,29.89,26.13,0.196,-0.01,525.64,9.74,10.93,83.45,335.87
2022-08-01,South,23.77,26.74,0.203,-0.007,519.34,9.22,10.44,83.4,331.65
2022-08-01,East,20.33,27.07,0.149,-0.021,517.78,9.37,10.74,81.49,325.11
2022-08-01,West,26.37,26.55,0.164,-0.015,518.61,9.46,11.14,82.63,330.93
2022-08-01,Central,27.34,26.23,0.185,-0.037,520.0,8.96,10.58,81.57,329.1
2022-08-02,North,28.27,25.99,0.206,-0.021,524.24,9.66,10.89,83.71,335.44
2022-08-02,South,23.76,26.78,0.208,-0.008,513.42,9.25,10.53,82.76,331.91
2022-08-02,East,19.68,27.02,0.176,-0.029,521.94,9.25,10.79,81.2,323.92
2022-08-02,West,24.89,26.42,0.192,-0.022,514.6,9.52,10.95,82.33,329.72
2022-08-02,Central,27.12,26.12,0.192,-0.024,520.13,9.1,10.34,81.87,326.6
2022-08-03,North,26.53,26.07,0.206,-0.04,525.18,9.62,10.83,83.38,334.43
2022-08-03,South,22.43,26.97,0.202,-0.04,515.16,9.25,10.85,83.03,328.85
2022-08-03,East,19.36,26.98,0.169,-0.056,522.58,9.5,10.69,81.61,323.05
2022-08-03,West,22.35,26.33,0.177,-0.036,514.4,9.57,10.84,82.42,328.86
2022-08-03,Central,25.12,26.35,0.175,-0.043,517.69,8.9,10.84,81.88,327.01
2022-08-04,North,25.91,25.67,0.183,-0.033,527.26,9.68,10.79,83.37,332.02
2022-08-04,South,21.46,26.54,0.17,-0.046,520.68,9.42,10.64,82.81,328.55
2022-08-04,East,20.27,26.64,0.149,-0.054,517.8,9.6,10.59,80.9,321.66
2022-08-04,West,23.92,25.98,0.176,-0.034,509.99,9.46,10.89,81.97,328.94
2022-08-04,Central,27.05,25.86,0.157,-0.032,518.28,9.17,10.64,81.96,325.39
2022-08-05,North,27.39,25.58,0.193,-0.007,525.37,9.81,10.9,83.4,332.31
2022-08-05,South,22.66,26.32,0.177,-0.015,512.59,9.4,10.92,82.0,329.57
2022-08-05,East,18.03,26.45,0.171,-0.023,524.68,9.49,10.55,81.35,323.1
2022-08-05,West,25.59,25.83,0.158,-0.003,515.23,9.23,11.0,81.61,328.75
2022-08-05,Central,25.7,25.82,0.184,-0.025,518.55,9.36,10.61,81.61,326.2
2022-08-06,North,25.01,25.51,0.204,-0.03,524.23,9.38,11.04,83.02,331.69
2022-08-06,South,19.84,26.34,0.206,-0.042,518.15,9.32,10.64,82.28,328.56
2022-08-06,East,16.07,26.37,0.166,-0.04,520.65,9.49,10.69,81.29,320.37
2022-08-06,West,21.53,25.98,0.204,-0.037,510.49,9.34,11.0,82.2,326.09
2022-08-06,Central,23.32,25.65,0.181,-0.042,515.79,9.28,10.74,81.66,324.25
2022-08-07,North,24.51,25.29,0.212,-0.051,525.47,9.69,10.86,82.62,331.21
2022-08-07,South,20.73,26.02,0.226,-0.039,512.68,9.33,10.77,82.36,328.01
2022-08-07,East,17.71,26.39,0.17,-0.038,519.38,9.45,10.64,80.46,321.52
2022-08-07,West,20.1,25.73,0.2,-0.049,515.05,9.56,10.8,81.84,325.88
2022-08-07,Central,24.01,25.48,0.184,-0.033,517.29,9.13,10.74,81.2,323.99
2022-08-08,North,23.82,25.5,0.198,-0.046,527.68,9.61,10.94,83.06,332.12
2022-08-08,South,19.62,26.14,0.182,-0.041,515.49,9.26,10.81,82.43,326.98
2022-08-08,East,16.56,26.25,0.149,-0.033,519.98,9.37,10.6,80.53,321.34
2022-08-08,West,20.59,25.91,0.194,-0.042,515.34,9.34,11.0,81.61,327.13
2022-08-08,Central,22.95,25.66,0.172,-0.025,517.46,9.36,10.74,81.44,323.48
2022-08-09,North,27.7,25.74,0.185,-0.019,530.13,9.62,10.83,83.05,332.87
2022-08-09,South,22.99,26.4,0.191,-0.022,518.45,9.37,10.75,82.34,328.11
2022-08-09,East,19.51,26.72,0.169,-0.019,518.49,9.41,10.66,80.86,321.6
2022-08-09,West,25.11,25.98,0.166,-0.039,512.8,9.58,10.88,81.62,328.14
2022-08-09,Central,26.3,25.99,0.178,-0.052,518.19,9.34,10.66,81.09,325.82
2022-08-10,North,24.45,25.58,0.194,0.022,524.76,9.65,10.88,83.25,331.41
2022-08-10,South,21.15,26.14,0.165,-0.009,511.96,9.39,10.93,82.25,326.56
2022-08-10,East,17.7,26.35,0.121,-0.003,520.89,9.44,10.52,80.62,320.37
2022-08-10,West,23.38,25.88,0.173,0.008,512.76,9.46,10.89,81.37,327.28
2022-08-10,Central,21.3,25.69,0.161,0.015,515.66,9.33,10.65,80.74,325.12
2022-08-11,North,24.5,25.38,0.181,0.022,525.35,9.56,11.08,83.06,331.22
2022-08-11,South,19.63,26.08,0.188,0.028,513.23,9.25,10.59,82.04,326.63
2022-08-11,East,18.21,26.39,0.148,0.005,516.72,9.61,10.67,80.84,320.86
2022-08-11,West,21.57,25.65,0.192,0.023,511.47,9.73,10.94,81.67,325.84
2022-08-11,Central,23.07,25.59,0.15,0.013,515.75,9.35,10.64,80.81,324.12
2022-08-12,North,29.11,25.46,0.179,0.04,525.73,9.81,10.99,82.82,332.41
2022-08-12,South,23.01,26.18,0.156,0.015,513.18,9.41,11.08,81.87,328.16
2022-08-12,East,20.64,26.28,0.142,0.01,516.75,9.44,10.58,80.52,321.54
2022-08-12,West,26.39,25.67,0.17,0.025,509.84,9.59,10.96,81.42,327.5
2022-08-12,Central,26.11,25.52,0.145,0.02,516.96,9.28,10.69,80.99,325.12
2022-08-13,North,28.91,25.53,0.149,0.043,521.94,9.5,10.94,82.77,333.2
2022-08-13,South,24.35,26.25,0.149,0.027,513.35,9.3,10.51,82.04,327.89
2022-08-13,East,22.78,26.46,0.113,0.037,517.04,9.55,10.72,80.09,322.48
2022-08-13,West,26.84,25.8,0.14,0.036,512.27,9.65,10.81,81.46,328.38
2022-08-13,Central,28.77,25.74,0.135,0.032,520.75,9.48,10.69,80.92,325.57
2022-08-14,North,29.34,25.36,0.141,0.01,525.56,9.82,10.95,82.5,333.27
2022-08-14,South,25.17,26.21,0.124,0.047,513.89,9.29,10.89,81.79,328.38
2022-08-14,East,22.44,26.22,0.094,-0.009,518.1,9.49,10.67,80.49,320.97
2022-08-14,West,26.79,25.62,0.127,0.045,511.28,9.62,10.69,81.44,328.39
2022-08-14,Central,27.1,25.63,0.124,0.029,516.86,9.43,10.69,81.04,324.56
2022-08-15,North,27.68,25.23,0.108,-0.001,524.93,9.69,10.88,82.07,330.98
2022-08-15,South,24.33,26.11,0.106,0.008,516.31,9.42,11.0,81.65,327.95
2022-08-15,East,22.47,26.4,0.068,-0.0,517.28,9.56,10.7,80.43,321.1
2022-08-15,West,28.7,25.6,0.105,-0.01,508.76,9.73,10.86,81.18,327.91
2022-08-15,Central,27.15,25.56,0.082,-0.02,516.49,9.36,10.77,80.48,324.9
2022-08-16,North,31.1,25.53,0.099,0.005,522.75,9.8,10.96,81.8,331.6
2022-08-16,South,26.07,26.26,0.097,0.001,510.45,9.48,10.7,81.47,328.04
2022-08-16,East,23.47,26.45,0.07,-0.021,517.29,9.64,10.63,80.46,318.47
2022-08-16,West,28.33,25.93,0.093,-0.02,510.91,9.66,11.03,81.23,324.37
2022-08-16,Central,31.65,25.95,0.066,-0.028,518.53,9.44,10.88,80.58,322.5
2022-08-17,North,27.85,25.47,0.122,-0.056,521.13,9.74,11.03,82.43,329.33
2022-08-17,South,25.86,26.03,0.092,-0.034,511.65,9.5,10.67,81.1,325.9
2022-08-17,East,20.01,26.22,0.073,-0.034,516.38,9.42,10.68,79.8,318.03
2022-08-17,West,25.35,25.75,0.09,-0.07,509.39,9.47,10.97,80.87,325.24
2022-08-17,Central,25.51,25.51,0.076,-0.048,514.4,9.23,10.57,80.3,322.17
2022-08-18,North,24.89,25.1,0.118,-0.02,520.85,9.48,11.09,82.36,328.89
2022-08-18,South,21.76,25.98,0.095,-0.036,516.15,9.4,10.72,81.43,324.8
2022-08-18,East,18.7,26.13,0.06,-0.036,518.41,9.47,10.84,80.06,318.97
2022-08-18,West,23.88,25.37,0.077,-0.034,512.14,9.62,11.28,81.05,323.77
2022-08-18,Central,24.08,25.43,0.084,-0.035,516.14,9.37,10.68,80.75,320.26
2022-08-19,North,25.29,25.12,0.094,-0.017,521.86,9.73,10.91,82.4,327.66
2022-08-19,South,21.58,25.94,0.078,-0.016,512.2,9.07,10.91,81.47,323.19
2022-08-19,East,19.6,25.94,0.076,-0.035,514.39,9.57,10.7,80.26,316.85
2022-08-19,West,23.94,25.41,0.097,-0.001,513.3,9.82,11.18,81.34,322.87
2022-08-19,Central,23.68,25.44,0.101,-0.034,516.88,9.53,10.72,80.23,320.12
2022-08-20,North,29.79,25.07,0.091,-0.001,519.94,9.98,10.82,82.22,329.94
2022-08-20,South,25.34,25.65,0.085,-0.01,513.74,9.39,10.77,81.24,326.4
2022-08-20,East,22.89,25.89,0.071,-0.033,517.07,9.45,10.42,79.81,318.01
2022-08-20,West,26.95,25.3,0.073,-0.027,510.58,9.82,11.12,80.8,324.93
2022-08-20,Central,27.91,25.19,0.067,-0.021,512.35,9.47,10.56,80.28,322.38
2022-08-21,North,29.32,25.17,0.095,-0.065,523.46,9.86,10.89,82.02,329.34
2022-08-21,South,24.03,25.84,0.101,-0.073,509.56,9.5,10.82,81.33,324.65
2022-08-21,East,22.15,25.88,0.051,-0.06,514.5,9.85,10.54,80.05,318.23
2022-08-21,West,27.32,25.41,0.098,-0.049,511.12,9.8,10.88,81.02,324.65
2022-08-21,Central,28.26,25.41,0.086,-0.063,516.19,9.28,10.47,80.7,322.92
2022-08-22,North,30.64,25.13,0.084,-0.011,522.62,9.58,10.66,82.26,329.04
2022-08-22,South,25.55,25.81,0.077,-0.011,511.42,9.42,10.69,81.35,325.69
2022-08-22,East,21.18,26.03,0.048,-0.013,515.08,9.58,10.88,80.21,316.9
2022-08-22,West,28.05,25.55,0.083,-0.01,511.28,9.68,10.77,81.07,323.8
2022-08-22,Central,28.59,25.48,0.069,-0.027,515.13,9.45,10.57,80.67,321.91
2022-08-23,North,31.45,24.89,0.111,-0.004,523.7,9.94,10.88,81.95,329.71
2022-08-23,South,30.08,25.5,0.09,-0.021,508.09,9.58,10.71,81.27,326.77
2022-08-23,East,25.92,25.76,0.067,-0.046,514.25,9.72,10.49,79.58,320.86
2022-08-23,West,29.36,25.37,0.064,-0.027,508.3,9.49,11.04,80.76,326.8
2022-08-23,Central,32.49,25.09,0.053,-0.046,517.57,9.14,10.62,80.39,324.05
2022-08-24,North,34.48,24.83,0.1,0.044,521.21,9.7,10.62,82.13,332.97
2022-08-24,South,29.36,25.43,0.082,0.025,510.09,9.51,10.7,81.11,327.67
2022-08-24,East,27.94,25.85,0.043,-0.015,515.69,9.71,10.59,79.74,322.41
2022-08-24,West,35.1,25.34,0.093,0.018,506.73,9.65,11.0,80.95,327.34
2022-08-24,Central,33.83,25.18,0.059,0.01,514.8,9.66,10.69,80.2,324.8
2022-08-25,North,33.74,24.86,0.059,-0.029,521.42,9.81,10.68,81.71,332.12
2022-08-25,South,30.04,25.67,0.053,-0.023,510.25,9.55,10.91,81.24,327.35
2022-08-25,East,28.75,25.7,0.014,-0.015,515.6,9.86,10.55,79.88,320.62
2022-08-25,West,33.98,25.22,0.018,-0.011,507.06,9.78,11.0,80.41,326.75
2022-08-25,Central,32.38,25.09,0.031,-0.025,515.31,9.27,10.55,80.01,323.87
2022-08-26,North,35.23,25.13,0.038,-0.019,523.42,9.7,10.81,81.65,330.41
2022-08-26,South,29.87,25.78,0.042,0.008,511.86,9.53,10.85,80.71,327.21
2022-08-26,East,29.42,25.86,-0.005,-0.025,512.53,9.61,10.48,79.25,320.62
2022-08-26,West,31.81,25.22,0.014,-0.009,510.68,9.89,10.82,80.83,325.0
2022-08-26,Central,32.84,25.16,0.006,-0.029,511.97,9.46,10.3,80.11,322.27
2022-08-27,North,36.6,24.87,0.064,-0.046,521.13,9.76,10.89,81.89,331.09
2022-08-27,South,32.55,25.49,0.05,-0.063,508.74,9.44,10.71,80.31,327.31
2022-08-27,East,29.78,25.83,0.004,-0.06,512.8,9.67,10.69,79.36,321.17
2022-08-27,West,34.47,25.13,0.03,-0.023,509.48,9.83,10.98,80.28,327.21
2022-08-27,Central,36.43,24.97,0.029,-0.055,511.15,9.32,10.48,79.91,324.3
2022-08-28,North,36.28,24.75,0.028,-0.036,520.86,9.97,10.84,81.77,329.35
2022-08-28,South,29.89,25.4,0.021,-0.048,512.82,9.51,10.82,80.41,326.64
2022-08-28,East,27.05,25.83,-0.01,-0.054,516.31,9.81,10.71,79.38,319.45
2022-08-28,West,32.52,25.02,-0.006,-0.048,510.51,9.76,10.59,79.92,325.81
2022-08-28,Central,34.26,24.98,-0.017,-0.048,514.14,9.55,10.51,79.9,323.59
2022-08-29,North,36.11,24.7,0.022,-0.063,519.54,9.86,10.82,81.31,330.03
2022-08-29,South,31.1,25.63,0.04,-0.097,513.15,9.73,10.77,80.87,324.39
2022-08-29,East,29.19,25.84,0.002,-0.087,515.89,9.71,10.49,79.02,318.29
2022-08-29,West,34.93,25.15,0.03,-0.054,510.02,9.89,10.8,79.99,325.98
2022-08-29,Central,33.82,24.97,-0.005,-0.089,511.0,9.41,10.76,79.34,321.58
2022-08-30,North,34.16,24.96,0.052,-0.073,523.06,9.71,10.56,81.43,330.71
2022-08-30,South,30.19,25.78,0.049,-0.062,506.58,9.62,10.62,80.62,326.58
2022-08-30,East,27.01,25.87,0.024,-0.089,515.45,9.89,10.53,79.26,321.56
2022-08-30,West,30.14,25.28,0.033,-0.091,509.77,9.77,10.99,80.19,326.51
2022-08-30,Central,33.78,25.05,0.043,-0.099,512.29,9.52,10.58,79.92,324.14
2022-08-31,North,35.21,25.01,0.058,-0.084,520.05,10.01,10.66,81.14,330.03
2022-08-31,South,31.59,25.74,0.031,-0.092,508.8,9.72,10.82,80.23,324.84
2022-08-31,East,27.52,25.97,0.011,-0.093,514.03,9.62,10.51,79.15,320.22
2022-08-31,West,32.84,25.41,0.029,-0.084,505.81,9.96,10.87,79.83,325.45
2022-08-31,Central,33.23,25.23,0.019,-0.12,511.89,9.43,10.6,79.44,321.66
2022-09-01,North,32.78,24.72,0.041,-0.047,517.21,9.94,10.67,80.99,329.78
2022-09-01,South,30.48,25.48,0.024,-0.05,507.22,9.65,10.49,80.25,325.66
2022-09-01,East,26.91,25.61,-0.0,-0.075,515.48,10.03,10.65,79.37,318.33
2022-09-01,West,31.82,24.89,0.049,-0.039,506.22,9.74,10.9,79.88,325.65
2022-09-01,Central,35.54,25.0,0.035,-0.051,508.9,9.63,10.42,79.85,324.03
2022-09-02,North,32.01,24.85,0.06,-0.04,521.96,9.97,10.89,81.6,330.17
2022-09-02,South,29.09,25.54,0.054,-0.029,510.41,9.55,10.6,80.34,326.46
2022-09-02,East,24.51,25.69,0.03,-0.039,514.53,9.83,10.54,78.88,321.21
2022-09-02,West,30.68,24.91,0.037,-0.027,507.86,10.12,10.82,79.8,325.31
2022-09-02,Central,30.92,25.09,0.031,-0.036,514.54,9.44,10.47,79.22,322.39
2022-09-03,North,32.18,24.72,0.057,0.01,518.87,10.11,10.49,81.08,332.04
2022-09-03,South,27.39,25.36,0.039,0.01,506.85,9.61,10.66,80.27,327.73
2022-09-03,East,22.8,25.57,-0.003,-0.01,513.06,9.66,10.57,78.85,319.37
2022-09-03,West,30.48,25.09,0.046,-0.015,507.12,9.68,10.8,79.87,326.64
2022-09-03,Central,30.16,24.9,0.041,-0.006,507.18,9.31,10.76,79.37,324.61
2022-09-04,North,33.42,24.67,0.044,0.015,522.65,9.94,10.74,81.15,331.9
2022-09-04,South,28.36,25.42,0.056,-0.0,507.92,9.82,10.59,80.46,328.46
2022-09-04,East,25.24,25.66,0.022,-0.007,510.69,9.71,10.41,79.07,322.06
2022-09-04,West,29.5,24.97,0.043,-0.007,506.77,9.98,10.86,79.92,326.59
2022-09-04,Central,31.71,24.86,0.03,-0.012,511.68,9.57,10.66,79.68,324.59
2022-09-05,North,34.28,24.36,0.061,-0.011,519.57,10.24,10.64,81.59,331.82
2022-09-05,South,29.25,25.14,0.026,-0.017,508.55,9.67,10.48,80.11,329.25
2022-09-05,East,26.65,25.47,0.013,-0.031,514.53,9.75,10.43,78.94,321.52
2022-09-05,West,33.39,24.68,0.039,-0.006,503.47,9.56,11.01,79.68,328.53
2022-09-05,Central,32.6,24.61,0.016,-0.003,512.17,9.44,10.36,79.37,324.06
2022-09-06,North,33.58,24.47,0.042,0.006,518.9,9.97,10.43,81.04,331.6
2022-09-06,South,30.15,25.22,0.034,-0.035,510.45,9.66,10.7,80.52,328.93
2022-09-06,East,27.08,25.33,-0.017,-0.017,516.74,9.89,10.4,79.04,320.93
2022-09-06,West,31.64,24.84,-0.001,-0.032,511.39,9.86,10.77,79.82,327.21
2022-09-06,Central,32.35,24.74,-0.014,-0.018,515.08,9.43,10.4,79.72,324.13
2022-09-07,North,37.76,24.47,0.03,-0.011,521.48,10.07,10.55,80.63,331.8
2022-09-07,South,29.6,25.19,0.03,0.0,510.27,9.65,10.28,80.15,325.58
2022-09-07,East,27.45,25.15,-0.005,-0.056,513.21,9.78,10.4,78.54,320.94
2022-09-07,West,30.12,24.63,-0.01,-0.017,506.18,9.79,10.8,79.78,324.52
2022-09-07,Central,33.93,24.68,-0.008,-0.03,515.51,9.5,10.41,79.47,323.54
2022-09-08,North,34.83,24.26,0.042,-0.006,519.44,9.89,10.53,81.35,330.57
2022-09-08,South,30.72,25.17,0.003,-0.019,506.99,9.64,10.33,80.24,326.26
2022-09-08,East,27.01,25.13,-0.018,-0.045,513.66,9.9,10.46,79.31,320.21
2022-09-08,West,33.08,24.61,0.018,-0.035,508.17,9.79,10.65,79.83,327.27
2022-09-08,Central,32.9,24.39,-0.01,-0.03,509.72,9.63,10.37,79.59,324.13
2022-09-09,North,33.31,24.51,0.03,-0.002,519.51,9.9,10.78,81.22,330.02
2022-09-09,South,28.39,25.09,0.041,0.005,508.73,9.78,10.44,80.14,326.11
2022-09-09,East,24.37,25.23,-0.009,-0.034,511.36,9.97,10.46,79.34,319.49
2022-09-09,West,31.23,24.76,0.037,-0.024,506.33,9.78,10.84,80.12,326.37
2022-09-09,Central,31.66,24.46,-0.006,-0.01,510.61,9.7,10.4,79.14,322.15
2022-09-10,North,34.82,24.41,0.014,0.026,517.32,9.89,10.5,81.37,330.11
2022-09-10,South,30.51,24.94,0.022,0.011,507.74,9.68,10.48,80.5,326.51
2022-09-10,East,28.14,25.3,0.012,0.007,512.11,9.65,10.45,79.04,321.19
2022-09-10,West,32.21,24.92,-0.001,0.025,510.55,9.76,10.9,79.8,325.06
2022-09-10,Central,34.32,24.63,0.005,0.017,513.56,9.77,10.3,79.58,323.92
2022-09-11,North,36.1,24.36,0.007,0.059,517.06,10.06,10.57,81.24,331.48
2022-09-11,South,32.18,24.94,0.004,0.037,505.6,9.96,10.45,80.31,326.27
2022-09-11,East,29.48,25.31,-0.018,0.031,514.75,9.73,10.38,79.15,320.31
2022-09-11,West,35.26,24.48,0.01,0.028,507.4,9.75,10.67,79.54,326.5
2022-09-11,Central,35.62,24.49,0.001,0.057,513.56,9.64,10.4,79.73,322.92
2022-09-12,North,39.89,24.59,0.003,0.01,520.05,10.17,10.53,80.85,331.68
2022-09-12,South,35.41,25.08,-0.016,0.03,511.2,9.6,10.39,80.56,327.9
2022-09-12,East,32.12,25.4,-0.037,-0.007,512.73,9.85,10.22,78.89,321.92
2022-09-12,West,38.87,24.84,-0.028,0.034,507.09,9.92,10.77,79.77,327.14
2022-09-12,Central,37.82,24.76,-0.037,0.02,512.61,9.78,10.32,79.27,323.73
2022-09-13,North,37.2,24.38,0.004,0.06,517.22,10.08,10.51,80.44,332.93
2022-09-13,South,33.84,25.21,-0.005,0.053,504.83,10.02,10.5,80.35,327.72
2022-09-13,East,29.82,25.42,-0.041,0.051,511.79,9.97,10.35,78.93,320.62
2022-09-13,West,37.79,24.77,-0.017,0.058,507.45,9.82,10.6,79.76,326.36
2022-09-13,Central,36.21,24.7,-0.022,0.038,515.12,9.63,10.54,79.41,324.57
2022-09-14,North,36.02,24.55,0.028,0.07,519.75,10.08,10.48,81.26,332.96
2022-09-14,South,33.2,25.2,0.024,0.072,507.33,9.91,10.37,79.92,328.92
2022-09-14,East,30.18,25.27,-0.015,0.045,514.98,10.05,10.33,79.22,321.97
2022-09-14,West,33.78,24.6,0.006,0.063,505.56,10.11,10.81,79.6,329.61
2022-09-14,Central,37.51,24.5,-0.003,0.046,510.93,9.58,10.47,79.25,325.6
2022-09-15,North,36.96,24.34,0.024,0.05,518.51,9.95,10.66,81.03,333.95
2022-09-15,South,35.44,25.22,0.03,0.052,505.71,9.83,10.5,80.24,329.94
2022-09-15,East,28.93,25.37,-0.007,0.048,512.77,10.02,10.41,78.84,323.02
2022-09-15,West,33.79,24.75,0.009,0.037,506.13,10.07,10.54,79.62,329.13
2022-09-15,Central,34.66,24.85,0.004,0.038,510.01,9.67,10.23,79.52,325.99
2022-09-16,North,39.51,24.19,0.034,0.041,518.88,10.25,10.57,81.25,334.5
2022-09-16,South,35.63,25.12,0.01,0.049,503.48,9.61,10.41,80.18,330.05
2022-09-16,East,31.04,25.21,-0.015,0.001,513.71,9.9,10.28,78.82,322.52
2022-09-16,West,37.73,24.57,-0.003,0.048,503.61,10.0,10.49,79.58,329.61
2022-09-16,Central,39.1,24.68,-0.005,0.029,508.12,9.53,10.42,78.91,327.01
2022-09-17,North,34.64,24.42,0.02,0.026,517.37,10.14,10.55,80.7,332.64
2022-09-17,South,32.25,25.1,0.027,0.042,502.26,9.89,10.34,80.0,329.65
2022-09-17,East,28.85,25.17,-0.008,-0.006,512.28,10.01,10.27,78.76,321.96
2022-09-17,West,34.54,24.68,0.015,0.013,508.63,9.92,10.59,79.69,327.67
2022-09-17,Central,36.95,24.71,-0.013,0.026,511.12,9.46,9.97,79.04,325.16
2022-09-18,North,34.77,24.25,0.025,0.071,520.86,10.15,10.5,80.8,333.57
2022-09-18,South,32.36,25.05,0.01,0.07,506.85,9.79,10.56,80.36,329.88
2022-09-18,East,27.84,25.13,-0.016,0.075,512.23,9.91,10.11,78.62,323.36
2022-09-18,West,34.35,24.61,0.008,0.06,506.08,9.87,10.53,79.86,330.24
2022-09-18,Central,33.76,24.47,-0.008,0.074,505.03,9.83,10.18,79.11,326.37
2022-09-19,North,35.35,24.22,-0.001,0.098,517.45,10.09,10.48,81.07,332.54
2022-09-19,South,33.79,25.03,0.013,0.074,504.62,9.73,10.29,80.52,329.08
2022-09-19,East,30.37,25.13,-0.026,0.09,512.27,10.08,10.22,79.11,322.65
2022-09-19,West,34.83,24.57,0.006,0.086,502.03,10.07,10.4,79.63,329.33
2022-09-19,Central,35.25,24.61,0.008,0.061,513.03,9.79,10.2,79.78,325.66
2022-09-20,North,34.65,24.54,-0.004,0.079,521.68,10.29,10.3,81.16,333.87
2022-09-20,South,31.7,25.11,-0.014,0.064,508.03,9.86,10.18,79.97,329.04
2022-09-20,East,27.05,25.31,-0.028,0.081,511.54,10.02,10.14,78.78,322.92
2022-09-20,West,33.42,24.88,-0.021,0.096,507.22,10.08,10.42,79.67,328.68
2022-09-20,Central,33.29,24.65,-0.032,0.087,513.88,9.8,10.14,79.38,327.12
2022-09-21,North,34.2,24.33,0.025,0.074,519.23,10.06,10.38,81.02,335.39
2022-09-21,South,29.0,24.98,0.009,0.113,502.91,9.89,10.11,80.56,331.11
2022-09-21,East,27.85,25.21,-0.015,0.071,511.26,9.92,10.08,79.03,323.04
2022-09-21,West,33.78,24.68,-0.002,0.095,505.18,9.99,10.39,79.92,330.05
2022-09-21,Central,32.56,24.54,-0.019,0.076,509.07,9.73,10.13,79.19,328.54
2022-09-22,North,33.49,24.06,-0.018,0.15,518.82,10.41,10.28,81.35,334.1
2022-09-22,South,31.57,24.6,-0.032,0.123,507.31,10.03,10.12,80.25,330.06
2022-09-22,East,27.96,24.86,-0.066,0.107,510.85,9.91,10.2,79.01,324.64
2022-09-22,West,31.5,24.3,-0.046,0.137,508.58,9.97,10.29,79.63,330.94
2022-09-22,Central,33.56,24.19,-0.053,0.135,509.83,9.6,10.22,79.4,327.6
2022-09-23,North,34.13,24.23,-0.002,0.16,518.05,10.33,10.36,81.24,336.25
2022-09-23,South,30.69,24.7,-0.014,0.153,504.71,9.95,10.34,80.25,332.87
2022-09-23,East,27.56,25.16,-0.053,0.169,510.13,9.92,10.32,78.99,326.35
2022-09-23,West,33.56,24.42,-0.015,0.151,505.56,10.18,10.28,80.52,332.19
2022-09-23,Central,34.22,24.37,-0.017,0.148,509.42,9.93,9.92,79.58,329.12
2022-09-24,North,32.83,24.45,-0.013,0.158,516.97,10.07,10.41,81.32,333.34
2022-09-24,South,30.45,25.28,-0.005,0.153,504.55,9.83,10.09,80.43,329.49
2022-09-24,East,27.77,25.32,-0.043,0.129,512.75,9.89,10.0,79.02,323.32
2022-09-24,West,31.94,24.83,-0.037,0.116,508.54,9.86,10.41,80.05,328.87
2022-09-24,Central,32.64,24.71,-0.037,0.119,510.98,9.73,10.01,79.5,326.26
2022-09-25,North,31.28,24.47,-0.01,0.155,518.92,10.3,10.48,80.96,333.15
2022-09-25,South,27.71,25.26,-0.011,0.159,506.62,9.89,10.2,80.28,330.0
2022-09-25,East,24.36,25.4,-0.074,0.126,509.93,10.11,9.74,79.39,321.12
2022-09-25,West,29.3,24.6,-0.039,0.132,508.06,10.17,10.43,80.0,327.95
2022-09-25,Central,30.55,24.53,-0.057,0.144,510.45,9.9,10.07,80.0,323.91
2022-09-26,North,27.76,24.17,-0.014,0.125,520.62,10.23,10.18,81.68,332.14
2022-09-26,South,24.92,24.93,0.001,0.127,509.37,9.79,10.1,80.93,327.98
2022-09-26,East,23.69,25.05,-0.02,0.119,510.33,9.79,10.1,79.58,321.77
2022-09-26,West,26.77,24.34,-0.019,0.13,509.16,10.23,10.38,80.27,327.84
2022-09-26,Central,28.13,24.32,-0.026,0.113,511.9,9.57,9.95,79.97,325.62
2022-09-27,North,26.63,24.18,-0.006,0.144,521.38,10.36,10.3,81.62,331.33
2022-09-27,South,22.96,24.73,-0.009,0.129,508.4,9.85,10.01,81.05,328.25
2022-09-27,East,19.49,25.02,-0.036,0.131,513.54,10.03,9.86,79.44,321.94
2022-09-27,West,25.28,24.37,-0.009,0.127,505.0,9.99,10.36,80.11,326.55
2022-09-27,Central,26.42,24.26,-0.051,0.109,511.38,9.84,9.88,79.83,325.79
2022-09-28,North,25.83,24.21,-0.008,0.128,514.7,10.03,10.05,81.18,330.8
2022-09-28,South,22.31,24.76,-0.022,0.129,505.38,10.03,9.95,80.89,327.08
2022-09-28,East,18.76,25.06,-0.051,0.088,508.73,10.12,10.12,79.13,319.72
2022-09-28,West,23.37,24.44,-0.04,0.124,505.46,10.18,10.14,80.33,325.49
2022-09-28,Central,24.44,24.28,-0.047,0.101,510.27,9.82,9.85,79.51,323.8
2022-09-29,North,25.77,24.14,-0.011,0.124,517.62,10.21,10.1,81.75,330.16
2022-09-29,South,23.16,24.76,-0.027,0.124,507.72,10.1,10.17,80.52,325.88
2022-09-29,East,19.24,25.06,-0.08,0.107,511.36,10.04,10.03,79.28,320.29
2022-09-29,West,23.34,24.41,-0.041,0.132,505.32,10.22,10.17,80.48,325.44
2022-09-29,Central,24.31,24.49,-0.021,0.109,512.78,9.98,9.83,80.14,322.65
2022-09-30,North,25.57,23.97,-0.015,0.16,518.92,10.18,10.01,82.03,329.11
2022-09-30,South,20.54,24.55,-0.043,0.171,508.62,9.86,10.09,81.45,323.59
2022-09-30,East,17.04,24.8,-0.042,0.144,511.44,10.12,9.85,79.58,318.1
2022-09-30,West,23.02,24.2,-0.033,0.156,506.44,10.26,10.03,80.88,324.1
2022-09-30,Central,23.63,24.13,-0.022,0.179,513.97,9.91,9.96,80.55,321.14
2022-10-01,North,25.44,24.08,0.001,0.155,517.97,10.49,10.09,81.7,328.72
2022-10-01,South,20.53,24.74,-0.033,0.115,505.6,10.03,10.12,81.17,324.79
2022-10-01,East,17.46,24.81,-0.06,0.129,511.13,9.96,10.06,79.52,317.23
2022-10-01,West,23.19,24.35,-0.043,0.128,503.39,10.14,10.19,80.08,324.92
2022-10-01,Central,23.39,24.12,-0.038,0.129,510.42,9.7,9.82,80.12,321.27
2022-10-02,North,26.73,24.19,-0.035,0.109,520.68,10.25,9.75,81.52,325.99
2022-10-02,South,20.77,24.77,-0.067,0.1,504.4,10.0,9.86,81.09,323.0
2022-10-02,East,17.52,25.13,-0.06,0.096,511.2,10.41,9.65,79.48,315.23
2022-10-02,West,21.07,24.25,-0.055,0.09,504.75,10.33,10.22,80.57,322.9
2022-10-02,Central,22.81,24.43,-0.066,0.097,509.96,9.74,9.8,79.99,320.49
2022-10-03,North,23.02,23.83,-0.053,0.093,517.99,10.41,10.03,81.59,327.47
2022-10-03,South,20.12,24.69,-0.055,0.091,508.48,9.85,10.01,80.87,323.6
2022-10-03,East,17.42,24.9,-0.093,0.092,511.67,10.22,9.88,79.43,317.62
2022-10-03,West,22.41,24.27,-0.081,0.096,506.17,9.97,10.05,80.32,322.2
2022-10-03,Central,24.29,24.04,-0.087,0.088,507.52,9.91,9.66,80.3,321.35
2022-10-04,North,26.99,23.98,-0.023,0.11,522.05,10.6,9.78,81.95,329.57
2022-10-04,South,24.7,24.76,-0.034,0.11,506.18,9.93,10.06,80.58,327.15
2022-10-04,East,20.66,24.86,-0.073,0.064,509.22,10.26,9.61,79.99,318.76
2022-10-04,West,26.38,24.24,-0.076,0.089,504.89,10.1,10.04,80.69,325.3
2022-10-04,Central,26.29,24.25,-0.074,0.085,505.38,9.82,9.67,79.41,323.15
2022-10-05,North,28.95,24.26,-0.022,0.127,515.64,10.5,10.27,81.89,330.86
2022-10-05,South,25.0,24.92,-0.036,0.158,508.18,10.18,9.79,81.12,326.05
2022-10-05,East,23.06,25.18,-0.074,0.114,513.05,10.15,9.81,79.83,320.58
2022-10-05,West,27.98,24.62,-0.054,0.132,506.23,10.22,10.15,80.37,327.3
2022-10-05,Central,28.62,24.49,-0.064,0.154,507.82,9.88,9.9,80.13,322.98
2022-10-06,North,29.59,24.24,-0.02,0.186,519.57,10.5,9.92,82.04,330.46
2022-10-06,South,25.95,24.99,-0.013,0.181,506.84,9.98,9.78,81.01,328.21
2022-10-06,East,23.31,25.21,-0.053,0.135,510.94,10.24,9.68,79.42,320.17
2022-10-06,West,27.51,24.66,-0.038,0.145,506.12,10.24,10.13,80.55,327.12
2022-10-06,Central,28.78,24.44,-0.053,0.152,510.92,9.92,9.76,80.3,324.39
2022-10-07,North,28.63,24.22,-0.023,0.194,515.74,10.23,9.87,81.85,330.02
2022-10-07,South,25.26,24.97,-0.057,0.167,506.8,9.88,9.97,81.16,327.65
2022-10-07,East,22.8,25.04,-0.07,0.163,513.11,10.18,9.85,79.87,320.25
2022-10-07,West,28.38,24.59,-0.043,0.192,504.93,10.27,10.05,80.65,326.66
2022-10-07,Central,27.53,24.37,-0.053,0.185,512.03,10.04,9.9,80.32,323.3
2022-10-08,North,29.04,24.17,-0.038,0.186,520.32,10.2,9.91,81.45,331.44
2022-10-08,South,26.69,24.89,-0.028,0.185,505.53,9.98,9.69,81.53,326.63
2022-10-08,East,21.28,25.07,-0.085,0.163,512.76,9.94,9.57,79.99,320.18
2022-10-08,West,27.64,24.47,-0.067,0.161,506.48,10.23,10.06,80.56,326.23
2022-10-08,Central,26.24,24.26,-0.067,0.169,510.22,10.14,9.68,79.92,324.05
2022-10-09,North,30.05,24.18,-0.029,0.169,519.91,10.49,9.87,82.07,331.0
2022-10-09,South,26.5,24.94,-0.023,0.159,504.34,10.19,9.77,80.89,327.9
2022-10-09,East,22.22,25.16,-0.037,0.147,509.25,10.33,9.6,80.52,319.76
2022-10-09,West,29.47,24.4,-0.027,0.164,506.16,10.15,9.74,81.22,325.64
2022-10-09,Central,29.36,24.59,-0.035,0.151,515.01,9.93,9.62,80.62,323.43
2022-10-10,North,30.95,23.96,-0.002,0.164,522.62,10.21,10.0,81.97,331.29
2022-10-10,South,26.46,24.7,-0.03,0.109,510.35,10.23,9.77,81.12,328.44
2022-10-10,East,23.49,24.94,-0.065,0.128,511.79,10.26,9.7,80.11,320.93
2022-10-10,West,29.51,24.32,-0.019,0.15,503.22,10.46,9.79,81.02,326.75
2022-10-10,Central,31.35,24.31,-0.037,0.127,510.36,9.97,9.82,80.42,323.32
2022-10-11,North,30.55,24.14,-0.014,0.151,516.3,10.35,9.88,81.75,331.06
2022-10-11,South,26.96,24.78,-0.017,0.146,504.24,10.05,9.93,81.38,326.9
2022-10-11,East,23.23,24.92,-0.07,0.151,510.31,10.01,9.93,80.06,319.75
2022-10-11,West,28.36,24.22,-0.026,0.148,507.4,10.48,10.02,80.5,325.41
2022-10-11,Central,28.87,24.41,-0.044,0.135,509.35,10.19,9.84,80.69,323.41
2022-10-12,North,30.04,24.08,-0.009,0.154,521.32,10.45,9.9,82.45,330.09
2022-10-12,South,26.73,24.75,-0.015,0.18,506.22,10.19,9.6,81.46,325.58
2022-10-12,East,23.76,24.93,-0.036,0.174,514.29,10.23,9.63,80.34,319.55
2022-10-12,West,28.68,24.23,-0.029,0.167,507.9,10.39,9.66,80.74,325.87
2022-10-12,Central,29.65,24.03,-0.017,0.169,510.21,10.11,9.66,80.36,323.27
2022-10-13,North,27.88,24.37,-0.013,0.206,521.37,10.61,9.94,82.16,329.54
2022-10-13,South,24.2,25.01,-0.013,0.21,504.12,10.24,9.78,81.77,325.96
2022-10-13,East,21.62,25.08,-0.04,0.174,510.95,10.3,9.65,80.38,317.98
2022-10-13,West,24.9,24.6,-0.016,0.207,504.15,10.38,10.03,81.23,323.55
2022-10-13,Central,25.72,24.52,-0.036,0.17,512.36,10.02,9.73,80.78,321.37
2022-10-14,North,27.16,24.26,0.002,0.193,517.72,10.44,9.8,82.5,328.66
2022-10-14,South,24.08,24.89,-0.011,0.198,511.03,10.19,9.87,81.83,325.54
2022-10-14,East,20.59,25.19,-0.038,0.168,513.97,10.37,9.43,80.19,318.56
2022-10-14,West,26.09,24.51,-0.021,0.171,503.32,10.31,9.99,81.18,325.02
2022-10-14,Central,27.36,24.5,-0.051,0.165,508.33,10.06,9.69,80.64,322.06
2022-10-15,North,32.03,24.33,-0.023,0.189,520.95,10.5,9.68,82.53,329.71
2022-10-15,South,25.96,25.26,-0.027,0.165,505.64,10.19,9.9,81.5,326.46
2022-10-15,East,24.84,25.35,-0.059,0.186,512.14,10.21,9.57,80.16,320.06
2022-10-15,West,27.84,24.53,-0.041,0.169,503.35,10.36,9.82,80.91,324.76
2022-10-15,Central,28.0,24.62,-0.061,0.166,509.39,10.1,9.51,80.3,322.5
2022-10-16,North,30.56,24.13,-0.0,0.207,517.86,10.67,9.81,82.2,329.93
2022-10-16,South,25.63,24.95,-0.02,0.185,507.34,10.37,9.64,81.53,325.88
2022-10-16,East,21.31,25.15,-0.063,0.2,509.73,10.34,9.6,80.44,319.21
2022-10-16,West,27.75,24.71,-0.02,0.193,509.12,10.42,9.91,81.12,325.55
2022-10-16,Central,26.67,24.48,-0.045,0.186,508.33,9.99,9.7,80.98,322.01
2022-10-17,North,32.46,24.34,0.004,0.201,518.38,10.69,9.62,82.37,332.88
2022-10-17,South,27.45,25.15,-0.025,0.21,509.63,10.25,9.63,81.73,327.58
2022-10-17,East,26.86,25.23,-0.061,0.178,512.34,10.29,9.76,80.15,321.45
2022-10-17,West,29.95,24.69,-0.02,0.195,507.05,10.24,9.89,81.3,327.83
2022-10-17,Central,31.72,24.43,-0.031,0.186,510.11,10.22,9.74,81.02,325.46
2022-10-18,North,31.09,24.33,0.011,0.175,521.48,10.54,9.65,82.52,332.65
2022-10-18,South,26.29,24.95,0.03,0.159,506.64,10.27,9.57,81.8,328.93
2022-10-18,East,24.79,25.13,-0.021,0.153,517.08,10.17,9.59,80.83,321.26
2022-10-18,West,28.78,24.6,-0.003,0.168,508.02,10.4,9.93,81.71,328.01
2022-10-18,Central,29.58,24.59,-0.032,0.169,512.83,10.17,9.63,80.88,325.53
2022-10-19,North,32.11,24.35,0.042,0.209,516.91,10.64,9.63,82.25,333.37
2022-10-19,South,27.02,25.07,0.001,0.17,509.31,10.16,9.36,81.43,329.4
2022-10-19,East,24.11,25.19,-0.005,0.183,511.78,10.34,9.43,80.51,322.0
2022-10-19,West,29.56,24.43,0.02,0.189,508.36,10.56,9.81,81.19,328.19
2022-10-19,Central,31.58,24.3,-0.004,0.157,513.82,10.16,9.62,80.87,325.62
2022-10-20,North,31.96,24.28,-0.01,0.208,521.36,10.63,9.55,82.1,334.01
2022-10-20,South,27.4,24.77,-0.016,0.181,508.4,10.32,9.52,81.71,329.27
2022-10-20,East,23.74,25.13,-0.048,0.197,511.95,10.55,9.28,80.0,321.93
2022-10-20,West,29.53,24.62,-0.014,0.178,506.36,10.43,10.03,80.83,328.27
2022-10-20,Central,31.0,24.37,-0.049,0.199,511.63,10.22,9.54,80.68,325.89
2022-10-21,North,31.83,24.39,-0.009,0.159,521.23,10.58,9.43,82.49,334.6
2022-10-21,South,26.89,25.07,-0.026,0.159,506.26,10.33,9.58,81.61,329.03
2022-10-21,East,23.73,25.41,-0.048,0.148,513.38,10.44,9.58,80.62,324.01
2022-10-21,West,29.57,24.55,-0.026,0.185,506.94,10.24,9.82,81.36,329.37
2022-10-21,Central,30.66,24.53,-0.034,0.148,512.27,10.2,9.6,80.92,326.61
2022-10-22,North,32.49,24.24,-0.007,0.142,520.24,10.61,9.75,81.99,333.71
2022-10-22,South,28.97,25.09,-0.009,0.097,508.08,10.28,9.69,81.63,329.03
2022-10-22,East,24.75,25.31,-0.046,0.119,512.62,10.36,9.39,80.24,323.46
2022-10-22,West,30.23,24.49,-0.017,0.116,506.76,10.38,9.56,81.0,328.1
2022-10-22,Central,28.78,24.43,-0.017,0.1,511.63,10.33,9.56,80.72,326.01
2022-10-23,North,33.36,24.13,0.007,0.141,524.38,10.64,9.78,82.82,334.52
2022-10-23,South,26.45,24.74,-0.013,0.138,510.52,10.46,9.54,81.95,330.13
2022-10-23,East,24.17,25.01,-0.052,0.111,513.64,10.54,9.59,80.53,324.41
2022-10-23,West,30.39,24.44,-0.018,0.109,506.0,10.68,9.71,81.24,329.59
2022-10-23,Central,31.54,24.29,-0.009,0.118,512.93,10.32,9.45,80.79,326.69
2022-10-24,North,33.13,24.16,-0.01,0.161,518.51,10.72,9.54,82.54,335.31
2022-10-24,South,29.64,24.89,0.002,0.175,511.46,10.1,9.6,81.82,330.76
2022-10-24,East,26.43,25.0,-0.018,0.13,515.22,10.65,9.64,79.81,326.34
2022-10-24,West,28.7,24.5,-0.02,0.172,507.71,10.45,9.73,81.54,330.18
2022-10-24,Central,32.58,24.31,-0.03,0.135,510.71,10.11,9.35,80.6,328.56
2022-10-25,North,33.99,24.09,0.002,0.2,518.31,10.75,9.5,82.59,335.06
2022-10-25,South,30.52,24.8,0.018,0.202,511.45,10.29,9.4,81.97,330.98
2022-10-25,East,28.64,24.76,-0.032,0.174,514.88,10.44,9.58,80.74,324.62
2022-10-25,West,32.69,24.38,-0.01,0.207,504.79,10.43,9.66,81.38,331.6
2022-10-25,Central,33.7,24.11,-0.027,0.208,513.9,10.26,9.53,80.83,329.49
2022-10-26,North,35.51,23.93,0.014,0.213,522.71,10.76,9.61,82.84,334.7
2022-10-26,South,30.69,24.69,0.009,0.21,509.65,10.26,9.54,81.7,330.08
2022-10-26,East,28.17,24.94,-0.032,0.192,515.02,10.53,9.37,80.57,324.0
2022-10-26,West,31.54,24.45,-0.013,0.195,512.11,10.43,9.68,81.64,328.94
2022-10-26,Central,33.89,24.09,-0.015,0.188,515.1,9.97,9.25,81.1,327.21
2022-10-27,North,35.12,23.97,0.024,0.266,522.04,10.66,9.58,83.27,336.44
2022-10-27,South,30.86,24.75,0.011,0.251,508.32,10.46,9.52,82.41,330.6
2022-10-27,East,27.94,24.76,-0.021,0.207,513.22,10.61,9.45,80.88,323.89
2022-10-27,West,32.92,24.4,-0.0,0.243,507.78,10.73,9.75,81.81,330.65
2022-10-27,Central,34.11,24.24,-0.009,0.23,511.44,10.15,9.35,81.24,329.2
2022-10-28,North,33.72,23.89,0.007,0.252,524.48,10.76,9.37,83.44,335.23
2022-10-28,South,29.62,24.69,0.003,0.245,508.07,10.27,9.52,81.98,329.98
2022-10-28,East,27.29,24.78,-0.016,0.23,514.62,10.62,9.32,80.98,323.9
2022-10-28,West,31.78,24.15,-0.023,0.232,507.53,10.58,9.62,82.02,329.04
2022-10-28,Central,34.45,24.05,-0.025,0.231,512.1,10.24,9.25,81.94,327.6
2022-10-29,North,34.06,23.6,-0.001,0.236,522.87,10.62,9.61,83.33,336.0
2022-10-29,South,31.44,24.39,-0.001,0.253,514.06,10.42,9.46,82.28,331.46
2022-10-29,East,27.85,24.58,-0.023,0.237,516.12,10.35,9.62,80.84,326.05
2022-10-29,West,30.76,23.94,-0.008,0.253,506.85,10.66,9.74,82.01,331.31
2022-10-29,Central,34.35,23.87,-0.037,0.256,511.72,10.15,9.34,81.46,328.86
2022-10-30,North,34.28,23.64,0.04,0.219,518.52,10.66,9.61,83.43,335.11
2022-10-30,South,28.22,24.39,0.039,0.243,511.16,10.18,9.39,83.15,331.62
2022-10-30,East,25.41,24.63,0.017,0.247,512.63,10.37,9.39,81.42,324.97
2022-10-30,West,30.42,24.2,0.026,0.248,509.35,10.52,9.58,82.17,331.96
2022-10-30,Central,32.0,23.88,0.024,0.221,513.45,10.07,9.38,81.87,328.37
2022-10-31,North,34.99,23.66,0.035,0.252,522.38,10.53,9.44,83.33,336.68
2022-10-31,South,30.63,24.42,0.053,0.225,512.89,10.39,9.18,82.71,333.0
2022-10-31,East,28.02,24.68,-0.005,0.21,516.9,10.45,9.27,81.44,325.41
2022-10-31,West,33.21,24.13,0.007,0.213,506.96,10.89,9.61,82.32,331.03
2022-10-31,Central,33.62,23.84,0.022,0.206,511.85,10.41,9.53,81.85,329.48
2022-11-01,North,36.6,23.39,0.026,0.211,521.74,10.57,9.56,83.38,336.45
2022-11-01,South,32.93,24.23,0.041,0.226,508.31,10.56,9.3,82.86,332.78
2022-11-01,East,29.62,24.24,-0.007,0.212,514.95,10.49,9.34,80.87,326.58
2022-11-01,West,36.5,23.87,0.013,0.201,506.12,10.48,9.91,82.12,332.89
2022-11-01,Central,36.92,23.73,-0.002,0.213,511.12,10.39,9.21,81.64,329.35
2022-11-02,North,34.75,23.73,0.038,0.17,521.23,10.78,9.57,83.66,336.02
2022-11-02,South,33.6,24.48,0.004,0.168,509.31,10.58,9.64,82.86,329.98
2022-11-02,East,29.94,24.34,-0.027,0.16,517.98,10.67,9.35,81.07,324.5
2022-11-02,West,35.32,23.92,-0.017,0.178,504.97,10.31,9.52,82.45,332.18
2022-11-02,Central,34.58,23.69,-0.007,0.16,516.21,10.42,9.44,81.69,328.79
2022-11-03,North,33.23,23.86,0.018,0.203,518.46,10.61,9.41,83.28,333.47
2022-11-03,South,28.4,24.21,0.015,0.2,510.04,10.53,9.62,83.38,329.86
2022-11-03,East,25.73,24.58,-0.015,0.187,515.36,10.53,9.21,81.07,323.09
2022-11-03,West,32.37,24.12,0.008,0.193,507.08,10.84,9.49,82.42,330.69
2022-11-03,Central,31.84,23.91,0.0,0.194,514.06,10.52,9.01,82.13,326.29
2022-11-04,North,32.3,23.65,-0.0,0.199,522.63,10.78,9.53,83.84,333.89
2022-11-04,South,27.35,24.37,0.009,0.19,510.05,10.5,9.4,83.29,330.14
2022-11-04,East,26.04,24.57,-0.031,0.163,517.64,10.32,8.89,81.92,323.33
2022-11-04,West,31.45,23.99,-0.014,0.182,510.45,10.57,9.58,82.68,329.57
2022-11-04,Central,30.76,23.84,-0.035,0.172,517.5,10.32,9.34,81.94,328.16
2022-11-05,North,33.03,23.49,0.001,0.172,522.79,10.58,9.64,83.98,333.27
2022-11-05,South,29.35,24.13,-0.007,0.163,508.96,10.59,9.43,82.92,329.7
2022-11-05,East,27.03,24.44,-0.033,0.172,517.06,10.74,9.31,81.36,323.46
2022-11-05,West,31.39,23.84,-0.011,0.177,506.5,10.74,9.83,82.52,328.65
2022-11-05,Central,34.93,23.62,-0.033,0.15,514.28,10.49,9.46,81.96,326.43
2022-11-06,North,35.62,23.72,0.026,0.165,524.1,10.61,9.55,83.99,334.35
2022-11-06,South,30.86,24.4,0.005,0.19,513.98,10.61,9.34,82.93,330.16
2022-11-06,East,26.43,24.63,-0.015,0.155,511.8,10.47,9.45,81.78,322.76
2022-11-06,West,32.2,24.08,-0.002,0.138,509.3,10.8,9.55,82.79,329.48
2022-11-06,Central,33.32,24.0,0.006,0.155,514.75,10.41,9.25,82.14,327.1
2022-11-07,North,34.33,23.71,0.02,0.169,523.65,10.94,9.46,83.89,332.95
2022-11-07,South,32.13,24.53,0.019,0.158,511.46,10.52,9.52,83.64,329.97
2022-11-07,East,27.66,24.76,-0.012,0.141,515.74,10.6,9.37,81.92,322.74
2022-11-07,West,32.01,24.12,0.018,0.147,507.17,10.74,9.66,82.55,329.53
2022-11-07,Central,35.65,24.06,-0.003,0.147,513.26,10.45,9.3,82.57,326.32
2022-11-08,North,35.93,24.18,0.021,0.21,519.2,10.78,9.48,84.06,334.92
2022-11-08,South,32.47,24.84,0.029,0.229,511.01,10.35,9.23,83.44,329.8
2022-11-08,East,27.92,24.94,0.004,0.198,514.8,10.65,8.98,81.81,324.3
2022-11-08,West,35.04,24.42,-0.003,0.183,510.6,10.75,9.66,82.93,329.6
2022-11-08,Central,37.23,24.28,-0.003,0.17,516.05,10.27,9.51,83.1,327.33
2022-11-09,North,34.85,24.24,0.025,0.219,520.23,10.82,9.56,83.82,335.5
2022-11-09,South,32.2,24.78,-0.004,0.233,513.21,10.54,9.46,83.38,332.14
2022-11-09,East,29.05,25.11,-0.02,0.221,516.25,10.74,9.41,82.0,325.48
2022-11-09,West,34.23,24.41,-0.013,0.236,511.38,10.78,9.64,83.0,331.03
2022-11-09,Central,34.1,24.51,-0.022,0.236,517.97,10.37,9.26,82.32,328.09
2022-11-10,North,39.33,24.34,0.042,0.202,523.28,10.63,9.64,84.01,337.38
2022-11-10,South,34.47,25.01,0.037,0.207,512.99,10.62,9.61,83.24,331.85
2022-11-10,East,29.28,25.06,-0.007,0.176,516.3,10.72,9.37,82.01,325.56
2022-11-10,West,36.44,24.74,0.026,0.203,509.56,10.96,9.57,83.04,331.29
2022-11-10,Central,36.41,24.43,0.02,0.188,515.23,10.35,9.16,82.37,329.47
2022-11-11,North,38.55,24.29,0.02,0.205,522.72,10.71,9.5,84.56,335.93
2022-11-11,South,36.05,24.86,0.031,0.218,512.28,10.44,9.29,83.61,333.12
2022-11-11,East,29.46,25.11,-0.012,0.175,515.95,10.6,9.34,81.86,325.23
2022-11-11,West,34.65,24.57,0.014,0.191,507.84,10.64,9.62,82.88,331.7
2022-11-11,Central,36.67,24.51,-0.031,0.193,516.63,10.41,9.37,82.32,328.6
2022-11-12,North,40.99,24.32,0.044,0.212,522.6,10.94,9.43,84.58,337.62
2022-11-12,South,36.61,25.07,0.056,0.186,510.76,10.55,9.3,83.48,332.33
2022-11-12,East,31.76,25.33,0.002,0.158,517.28,10.46,9.19,82.35,326.27
2022-11-12,West,37.84,24.49,0.046,0.182,511.41,10.81,9.48,83.11,332.4
2022-11-12,Central,39.01,24.61,0.023,0.159,516.83,10.27,9.2,82.82,329.56
2022-11-13,North,38.54,24.45,0.069,0.203,524.8,10.79,9.28,84.23,336.28
2022-11-13,South,35.04,25.19,0.052,0.215,515.06,10.59,9.36,83.6,332.72
2022-11-13,East,33.91,25.36,0.04,0.196,516.84,10.6,9.1,82.36,325.77
2022-11-13,West,40.21,24.67,0.055,0.191,514.95,10.69,9.69,83.35,331.85
2022-11-13,Central,40.38,24.66,0.049,0.194,511.74,10.49,9.15,82.89,328.93
2022-11-14,North,40.1,24.59,0.089,0.197,525.56,10.9,9.49,84.55,336.57
2022-11-14,South,36.27,25.31,0.07,0.234,510.06,10.62,9.38,83.69,331.29
2022-11-14,East,33.98,25.4,0.026,0.211,516.05,10.73,9.23,82.33,325.0
2022-11-14,West,39.32,24.98,0.056,0.216,511.11,10.6,9.64,83.3,330.18
2022-11-14,Central,38.15,24.81,0.037,0.2,515.93,10.36,9.36,82.94,328.52
2022-11-15,North,40.48,24.58,0.045,0.223,523.09,10.78,9.45,84.42,335.61
2022-11-15,South,35.54,25.35,0.037,0.21,514.38,10.39,9.42,83.98,330.88
2022-11-15,East,31.79,25.5,0.032,0.176,520.41,10.64,9.23,82.4,325.62
2022-11-15,West,38.35,24.82,0.048,0.181,511.38,10.78,9.43,83.38,331.77
2022-11-15,Central,39.37,24.87,0.06,0.192,517.44,10.4,9.53,82.81,329.93
2022-11-16,North,37.14,24.67,0.08,0.217,523.75,10.87,9.54,84.83,336.97
2022-11-16,South,33.15,25.28,0.067,0.185,512.81,10.55,9.48,84.32,331.95
2022-11-16,East,30.22,25.4,0.038,0.189,517.57,10.8,9.44,82.41,324.43
2022-11-16,West,34.82,24.83,0.037,0.189,513.67,10.86,9.9,83.4,332.23
2022-11-16,Central,36.34,24.77,0.038,0.189,517.1,10.6,9.26,83.3,329.43
2022-11-17,North,38.91,24.61,0.063,0.212,522.66,10.73,9.51,84.58,337.29
2022-11-17,South,37.91,25.15,0.049,0.206,514.87,10.39,9.59,84.05,333.61
2022-11-17,East,32.92,25.47,0.032,0.161,520.47,10.71,9.33,82.44,326.51
2022-11-17,West,36.94,24.77,0.047,0.213,508.99,10.85,9.56,83.28,332.79
2022-11-17,Central,39.13,24.69,0.022,0.202,517.0,10.56,9.45,82.63,330.68
2022-11-18,North,40.53,24.58,0.057,0.25,522.98,10.95,9.55,84.82,337.85
2022-11-18,South,36.45,25.27,0.07,0.257,515.15,10.63,9.47,84.52,334.42
2022-11-18,East,32.37,25.5,0.024,0.223,517.59,10.63,9.31,82.65,327.82
2022-11-18,West,37.85,24.95,0.05,0.23,504.51,10.7,9.7,83.3,334.34
2022-11-18,Central,38.38,24.87,0.029,0.224,517.01,10.58,9.03,83.07,330.39
2022-11-19,North,39.77,24.59,0.048,0.246,524.38,10.97,9.49,84.54,339.25
2022-11-19,South,37.18,25.68,0.06,0.243,513.38,10.54,9.45,83.84,335.17
2022-11-19,East,31.67,25.63,0.016,0.245,519.63,10.28,9.24,83.02,327.57
2022-11-19,West,37.86,25.13,0.045,0.241,511.07,10.88,9.81,83.73,334.24
2022-11-19,Central,40.06,24.92,0.028,0.242,518.88,10.63,9.44,83.51,330.78
2022-11-20,North,38.51,24.66,0.02,0.282,523.65,10.78,9.52,84.94,339.75
2022-11-20,South,36.14,25.41,0.016,0.238,513.17,10.53,9.34,83.94,334.64
2022-11-20,East,31.36,25.6,-0.005,0.252,522.02,10.43,9.24,82.77,327.12
2022-11-20,West,37.09,25.14,0.009,0.243,515.88,10.54,9.56,83.76,332.72
2022-11-20,Central,37.12,25.02,-0.001,0.247,516.12,10.31,9.31,83.29,331.45
2022-11-21,North,40.04,24.73,0.055,0.216,525.18,11.13,9.54,85.06,337.94
2022-11-21,South,33.84,25.33,0.05,0.213,516.09,10.62,9.47,84.51,332.46
2022-11-21,East,28.67,25.58,0.022,0.179,518.38,10.71,9.41,83.47,325.03
2022-11-21,West,36.49,24.92,0.027,0.209,512.56,10.94,9.61,83.95,332.11
2022-11-21,Central,35.76,25.04,0.017,0.177,519.5,10.59,9.19,83.69,329.3
2022-11-22,North,38.48,24.76,0.053,0.221,525.88,10.98,9.51,84.73,337.52
2022-11-22,South,35.18,25.36,0.032,0.22,514.81,10.69,9.28,84.25,333.02
2022-11-22,East,30.3,25.8,0.027,0.204,522.45,10.67,9.56,83.51,326.38
2022-11-22,West,35.15,25.0,0.04,0.201,513.54,10.68,9.65,84.14,332.95
2022-11-22,Central,36.83,24.9,0.011,0.187,517.49,10.61,9.26,83.24,330.52
2022-11-23,North,39.01,24.68,0.059,0.26,526.03,10.9,9.6,85.32,337.9
2022-11-23,South,35.22,25.42,0.035,0.248,513.53,10.52,9.44,84.57,332.42
2022-11-23,East,33.01,25.58,0.021,0.256,519.93,10.98,9.41,83.26,326.34
2022-11-23,West,38.58,25.05,0.024,0.213,513.75,10.82,9.82,83.84,332.97
2022-11-23,Central,38.2,24.82,0.047,0.221,515.78,10.54,9.59,83.66,331.36
2022-11-24,North,38.84,24.81,0.041,0.28,526.75,10.93,9.64,85.33,337.3
2022-11-24,South,36.28,25.44,0.036,0.289,518.83,10.51,9.47,84.69,332.92
2022-11-24,East,34.5,25.7,-0.001,0.251,520.63,10.86,9.33,83.4,325.84
2022-11-24,West,38.29,25.18,0.034,0.249,513.13,10.97,9.6,84.23,333.04
2022-11-24,Central,40.14,25.01,0.001,0.265,519.23,10.67,9.35,84.05,330.56
2022-11-25,North,37.08,24.58,0.06,0.249,524.79,10.99,9.64,85.75,336.29
2022-11-25,South,32.69,25.32,0.046,0.224,515.99,10.7,9.36,84.97,331.79
2022-11-25,East,27.82,25.52,0.011,0.228,522.44,10.75,9.35,83.5,326.36
2022-11-25,West,33.84,24.98,0.032,0.206,511.28,10.78,9.78,84.05,332.1
2022-11-25,Central,35.4,24.8,0.004,0.218,518.78,10.62,9.35,83.9,330.08
2022-11-26,North,36.71,24.59,0.032,0.222,525.0,10.84,9.6,85.91,336.88
2022-11-26,South,33.43,25.2,0.025,0.244,518.24,10.68,9.74,85.0,332.8
2022-11-26,East,29.17,25.39,0.002,0.215,520.67,10.75,9.25,83.28,325.08
2022-11-26,West,34.63,24.83,0.022,0.237,512.58,10.79,9.51,84.47,332.52
2022-11-26,Central,36.98,24.81,0.009,0.213,515.72,10.44,9.35,83.35,329.29
2022-11-27,North,39.99,24.44,0.006,0.215,531.33,10.76,9.73,85.55,340.25
2022-11-27,South,34.59,25.22,0.004,0.191,515.55,10.68,9.54,84.73,336.17
2022-11-27,East,33.22,25.31,-0.024,0.178,521.3,10.79,9.3,83.04,328.17
2022-11-27,West,36.41,24.7,0.006,0.174,514.82,10.94,9.59,84.09,334.52
2022-11-27,Central,38.79,24.64,-0.011,0.192,516.59,10.6,9.32,83.56,332.38
2022-11-28,North,38.81,24.17,0.05,0.259,530.58,11.05,9.62,85.8,339.37
2022-11-28,South,34.59,24.97,0.002,0.228,517.82,10.55,9.6,85.12,334.75
2022-11-28,East,31.77,25.2,-0.015,0.232,520.23,10.67,9.22,83.31,329.64
2022-11-28,West,35.48,24.38,-0.003,0.232,515.43,10.81,9.69,84.19,334.12
2022-11-28,Central,37.42,24.4,0.015,0.235,519.48,10.29,9.44,83.53,332.27
2022-11-29,North,36.33,24.16,0.031,0.256,529.55,10.88,9.7,86.09,338.31
2022-11-29,South,32.08,24.97,0.011,0.263,515.88,10.79,9.56,84.51,334.95
2022-11-29,East,28.2,25.03,-0.006,0.246,520.35,10.93,9.25,83.85,327.89
2022-11-29,West,33.78,24.51,0.016,0.239,512.75,10.81,9.61,84.38,334.94
2022-11-29,Central,35.63,24.21,-0.005,0.229,518.12,10.46,9.54,84.37,330.94
2022-11-30,North,38.59,24.32,0.04,0.233,526.89,10.94,9.75,86.1,339.51
2022-11-30,South,35.14,24.75,0.032,0.241,515.77,10.58,9.61,85.34,334.29
2022-11-30,East,32.69,25.05,-0.004,0.203,519.87,10.72,9.39,83.82,328.04
2022-11-30,West,37.22,24.38,0.012,0.246,517.38,11.01,9.66,84.76,334.61
2022-11-30,Central,36.98,24.29,0.002,0.217,518.17,10.95,9.21,84.08,331.8
2022-12-01,North,39.14,24.1,0.031,0.255,528.25,11.12,9.46,85.83,339.37
2022-12-01,South,34.59,25.01,0.005,0.242,517.91,10.62,9.41,85.04,335.19
2022-12-01,East,33.51,25.02,-0.015,0.23,523.36,10.76,9.56,83.6,328.07
2022-12-01,West,37.8,24.42,0.013,0.223,513.89,10.92,9.58,84.9,334.2
2022-12-01,Central,37.38,24.26,-0.0,0.231,519.26,10.6,9.32,84.23,332.47
2022-12-02,North,38.91,24.53,0.038,0.196,525.67,10.88,9.4,86.03,339.78
2022-12-02,South,35.14,25.14,0.022,0.182,520.23,10.74,9.58,84.98,334.99
2022-12-02,East,32.46,25.24,0.003,0.152,522.52,10.76,9.41,83.62,327.48
2022-12-02,West,37.84,24.57,0.017,0.185,512.26,11.15,9.73,85.05,334.37
2022-12-02,Central,39.94,24.54,0.009,0.174,520.33,10.74,9.41,84.24,331.18
2022-12-03,North,37.74,24.32,0.034,0.187,529.89,10.96,9.63,85.77,339.92
2022-12-03,South,35.04,25.11,0.009,0.159,518.63,10.59,9.74,84.86,334.59
2022-12-03,East,30.74,25.35,-0.026,0.123,522.78,10.89,9.42,83.83,327.87
2022-12-03,West,35.71,24.77,-0.006,0.147,516.24,10.87,9.91,84.44,333.95
2022-12-03,Central,37.39,24.53,0.007,0.118,521.32,10.76,9.43,84.29,332.18
2022-12-04,North,39.34,24.3,0.017,0.187,529.61,11.1,9.83,85.85,339.55
2022-12-04,South,35.52,25.06,0.009,0.164,518.47,10.82,9.48,85.23,335.3
2022-12-04,East,33.48,25.33,-0.034,0.164,524.27,11.07,9.52,83.72,328.5
2022-12-04,West,36.91,24.64,-0.016,0.159,514.97,11.03,9.81,84.4,334.64
2022-12-04,Central,38.98,24.5,-0.038,0.153,518.85,10.52,9.42,83.92,332.65
2022-12-05,North,39.65,24.53,-0.003,0.206,529.92,10.96,9.89,86.38,338.39
2022-12-05,South,34.37,25.19,-0.01,0.202,522.15,10.77,9.68,85.37,335.7
2022-12-05,East,32.82,25.32,-0.043,0.163,527.7,10.71,9.46,83.82,328.3
2022-12-05,West,37.32,24.62,-0.012,0.201,518.17,10.89,9.78,84.95,334.32
2022-12-05,Central,38.74,24.54,-0.027,0.183,521.06,10.77,9.6,84.31,331.39
2022-12-06,North,40.37,24.59,0.014,0.162,531.76,11.19,9.62,85.81,340.49
2022-12-06,South,37.06,25.24,0.009,0.171,516.62,10.81,9.39,85.31,335.88
2022-12-06,East,33.78,25.51,-0.034,0.165,525.04,10.93,9.45,83.93,328.34
2022-12-06,West,37.72,24.88,0.053,0.166,520.03,10.91,9.89,84.98,334.48
2022-12-06,Central,40.44,24.72,-0.009,0.145,521.11,10.49,9.31,83.92,332.95
2022-12-07,North,43.41,24.56,0.023,0.152,530.63,11.13,9.89,86.12,340.29
2022-12-07,South,37.81,25.21,0.002,0.139,523.88,10.74,9.73,84.56,336.91
2022-12-07,East,32.74,25.5,-0.019,0.151,522.16,10.91,9.69,83.82,327.77
2022-12-07,West,39.03,24.72,0.001,0.155,517.16,10.73,9.96,84.78,335.34
2022-12-07,Central,39.89,24.74,-0.012,0.14,525.78,10.64,9.37,84.31,331.09
2022-12-08,North,41.37,24.48,0.018,0.183,532.14,11.04,9.55,86.38,339.28
2022-12-08,South,38.47,25.05,0.024,0.184,517.51,10.64,9.63,85.49,336.67
2022-12-08,East,34.83,25.37,-0.018,0.164,522.01,10.89,9.69,83.8,329.93
2022-12-08,West,39.32,24.73,0.001,0.199,519.0,10.95,9.89,84.59,334.06
2022-12-08,Central,40.07,24.62,-0.001,0.178,522.08,10.3,9.65,84.46,333.04
2022-12-09,North,42.24,24.59,0.054,0.17,531.82,11.14,9.86,86.26,340.64
2022-12-09,South,38.02,25.28,0.033,0.158,523.53,10.68,9.7,85.69,336.15
2022-12-09,East,35.29,25.43,0.017,0.148,521.38,10.84,9.69,83.85,328.96
2022-12-09,West,38.66,24.85,0.037,0.154,521.67,10.99,9.7,84.97,335.6
2022-12-09,Central,40.07,24.89,0.028,0.178,521.2,10.75,9.61,84.33,332.69
2022-12-10,North,41.15,24.73,0.076,0.192,532.35,10.94,9.64,86.68,340.85
2022-12-10,South,38.36,25.33,0.049,0.146,517.05,10.7,9.74,85.74,337.32
2022-12-10,East,36.25,25.32,0.026,0.176,526.76,10.86,9.6,83.99,329.58
2022-12-10,West,37.48,24.91,0.066,0.172,522.86,10.91,9.86,85.28,335.76
2022-12-10,Central,41.03,24.9,0.051,0.183,525.31,10.6,9.76,84.85,333.16
2022-12-11,North,42.09,24.73,0.091,0.19,531.99,11.05,9.8,86.09,342.87
2022-12-11,South,38.24,25.38,0.066,0.192,520.32,10.65,9.87,85.34,338.37
2022-12-11,East,34.52,25.77,0.039,0.163,526.26,10.86,9.76,84.1,332.15
2022-12-11,West,40.41,25.19,0.052,0.178,518.75,11.18,9.93,85.39,337.58
2022-12-11,Central,40.86,24.97,0.047,0.184,522.54,10.78,9.82,84.53,335.67
2022-12-12,North,41.39,24.9,0.072,0.226,532.09,11.32,9.87,86.46,341.63
2022-12-12,South,36.0,25.44,0.072,0.206,520.0,10.55,9.94,85.68,338.21
2022-12-12,East,34.66,25.63,0.054,0.209,525.37,10.94,9.76,84.56,331.77
2022-12-12,West,37.99,25.19,0.068,0.212,514.31,10.92,9.9,85.2,337.99
2022-12-12,Central,41.42,25.03,0.043,0.189,524.89,10.61,9.54,84.79,334.61
2022-12-13,North,39.5,24.9,0.075,0.223,535.86,11.04,9.74,86.52,341.48
2022-12-13,South,33.07,25.52,0.06,0.234,524.25,10.86,9.79,85.85,337.29
2022-12-13,East,31.26,26.0,0.03,0.204,526.13,10.94,9.6,84.7,330.7
2022-12-13,West,35.15,25.28,0.053,0.209,519.52,10.9,10.14,85.52,335.49
2022-12-13,Central,38.21,25.05,0.042,0.206,526.92,10.66,9.55,84.88,334.49
2022-12-14,North,40.09,25.04,0.043,0.222,533.1,10.84,9.92,86.87,341.67
2022-12-14,South,37.07,25.66,0.053,0.237,522.06,10.82,9.61,85.95,337.0
2022-12-14,East,30.95,25.75,0.022,0.21,530.45,10.97,9.88,84.94,328.97
2022-12-14,West,36.95,25.13,0.017,0.236,520.09,11.04,9.85,85.66,335.53
2022-12-14,Central,37.72,25.18,0.03,0.221,524.07,10.85,9.85,85.17,332.49
2022-12-15,North,40.51,24.99,0.068,0.246,533.28,10.98,9.75,86.65,342.44
2022-12-15,South,37.1,25.43,0.062,0.236,524.4,10.75,9.89,85.82,336.88
2022-12-15,East,33.83,25.81,0.037,0.223,527.84,10.98,9.72,85.05,330.5
2022-12-15,West,37.97,25.1,0.055,0.226,521.64,10.86,9.97,85.85,336.91
2022-12-15,Central,37.1,25.09,0.046,0.228,523.45,10.91,9.64,85.22,333.92
2022-12-16,North,42.53,25.04,0.093,0.235,532.49,11.29,9.93,86.86,342.22
2022-12-16,South,36.65,25.68,0.071,0.221,523.5,10.87,9.84,86.26,337.16
2022-12-16,East,33.75,25.85,0.039,0.175,524.64,10.95,9.56,85.0,330.76
2022-12-16,West,39.31,25.18,0.06,0.216,518.48,10.88,10.19,85.87,337.76
2022-12-16,Central,40.64,25.12,0.025,0.218,524.77,10.54,9.63,85.48,334.8
2022-12-17,North,40.78,24.88,0.091,0.212,532.87,11.07,10.06,87.2,342.79
2022-12-17,South,38.95,25.54,0.083,0.218,523.32,11.07,9.94,86.45,339.11
2022-12-17,East,32.11,25.79,0.053,0.183,526.59,10.73,9.69,85.0,332.6
2022-12-17,West,41.6,25.27,0.063,0.206,522.58,10.89,9.97,85.92,338.77
2022-12-17,Central,41.81,24.9,0.055,0.213,522.88,10.61,9.7,85.46,336.0
2022-12-18,North,41.42,24.81,0.078,0.239,533.83,10.99,9.78,87.45,344.47
2022-12-18,South,37.89,25.35,0.076,0.186,524.62,10.77,9.77,86.86,340.46
2022-12-18,East,34.59,25.55,0.047,0.192,527.33,10.88,9.92,85.39,332.01
2022-12-18,West,37.66,24.87,0.052,0.193,520.46,10.99,10.1,86.15,339.88
2022-12-18,Central,40.63,24.81,0.059,0.182,527.43,10.74,9.8,85.27,337.52
2022-12-19,North,42.93,24.91,0.068,0.207,531.84,11.26,9.9,87.72,345.45
2022-12-19,South,39.59,25.61,0.082,0.199,525.55,10.69,9.77,86.6,340.45
2022-12-19,East,36.26,25.95,0.056,0.181,529.39,11.04,9.86,85.13,333.38
2022-12-19,West,40.85,25.17,0.077,0.215,522.76,11.03,10.19,85.91,340.15
2022-12-19,Central,41.91,25.01,0.061,0.199,526.38,10.77,9.69,85.88,336.94
2022-12-20,North,42.31,24.84,0.095,0.224,531.5,10.99,10.01,87.91,344.49
2022-12-20,South,38.31,25.56,0.089,0.226,523.6,10.75,10.04,86.63,340.88
2022-12-20,East,35.99,25.91,0.041,0.197,528.61,10.82,9.76,85.39,333.93
2022-12-20,West,39.2,25.17,0.053,0.244,523.15,10.89,10.31,86.28,340.99
2022-12-20,Central,41.95,25.14,0.061,0.237,526.18,10.87,9.78,85.81,337.17
2022-12-21,North,41.39,24.94,0.096,0.263,535.48,10.99,10.2,87.19,345.12
2022-12-21,South,38.82,25.5,0.056,0.234,525.28,10.88,9.9,86.77,341.13
2022-12-21,East,34.37,25.85,0.034,0.211,529.91,11.0,9.9,85.33,334.74
2022-12-21,West,40.48,25.0,0.062,0.243,520.83,10.99,10.21,86.34,338.87
2022-12-21,Central,41.28,25.2,0.05,0.233,530.77,10.62,9.76,86.24,337.37
2022-12-22,North,42.31,24.85,0.072,0.222,536.73,11.15,10.09,87.7,345.06
2022-12-22,South,37.42,25.7,0.056,0.231,527.13,10.88,9.96,86.84,341.48
2022-12-22,East,34.46,25.89,0.04,0.207,530.41,11.13,9.98,85.85,333.52
2022-12-22,West,40.37,25.19,0.03,0.225,524.81,11.08,9.95,86.08,340.11
2022-12-22,Central,40.79,25.17,0.039,0.227,528.62,10.69,9.97,85.81,337.73
2022-12-23,North,44.97,25.07,0.107,0.234,537.37,11.3,10.0,88.05,346.97
2022-12-23,South,41.26,25.82,0.089,0.248,519.62,10.98,9.89,86.9,341.9
2022-12-23,East,37.33,26.16,0.057,0.231,531.56,10.87,9.81,85.47,336.32
2022-12-23,West,42.69,25.47,0.087,0.205,522.45,10.97,10.34,86.22,342.5
2022-12-23,Central,41.99,25.48,0.072,0.229,529.84,10.45,9.97,86.14,338.65
2022-12-24,North,41.56,25.09,0.125,0.268,536.93,11.18,10.26,88.01,345.86
2022-12-24,South,36.27,25.64,0.101,0.275,524.52,11.13,10.17,87.43,342.3
2022-12-24,East,34.92,25.89,0.066,0.258,533.24,10.84,9.73,85.87,335.98
2022-12-24,West,41.07,25.23,0.1,0.254,527.72,10.97,10.22,87.1,340.94
2022-12-24,Central,41.16,25.19,0.095,0.247,525.12,10.61,9.86,86.51,337.9
2022-12-25,North,41.66,24.71,0.096,0.261,535.78,11.07,10.25,88.17,346.68
2022-12-25,South,37.95,25.51,0.093,0.244,524.22,10.92,10.25,87.34,341.29
2022-12-25,East,36.03,25.85,0.054,0.228,533.06,10.78,9.83,86.49,334.53
2022-12-25,West,41.93,25.2,0.074,0.232,525.06,11.18,10.32,86.75,341.82
2022-12-25,Central,40.82,24.92,0.059,0.238,526.39,10.74,10.04,86.39,337.37
2022-12-26,North,41.91,24.81,0.08,0.256,536.4,11.19,10.22,88.39,344.98
2022-12-26,South,35.86,25.51,0.069,0.228,525.36,10.88,10.18,87.4,340.06
2022-12-26,East,34.7,25.76,0.027,0.231,532.76,11.02,10.13,86.38,333.76
2022-12-26,West,38.84,25.07,0.054,0.251,523.89,10.96,10.27,86.73,340.58
2022-12-26,Central,39.23,25.0,0.051,0.238,532.5,10.86,9.94,86.7,338.81
2022-12-27,North,39.87,25.02,0.093,0.261,539.65,11.15,10.19,88.11,345.76
2022-12-27,South,37.66,25.87,0.081,0.257,530.92,10.63,10.15,87.42,342.65
2022-12-27,East,34.45,25.93,0.036,0.238,531.28,10.92,10.06,86.44,334.72
2022-12-27,West,39.47,25.44,0.056,0.265,525.99,10.97,10.4,87.36,341.32
2022-12-27,Central,36.43,25.29,0.04,0.246,527.52,10.78,10.13,86.64,336.87
2022-12-28,North,40.92,25.13,0.092,0.227,538.01,10.94,10.26,88.46,346.27
2022-12-28,South,37.25,25.84,0.08,0.245,527.09,10.82,10.06,87.49,340.6
2022-12-28,East,32.86,25.99,0.038,0.234,532.74,10.89,9.96,86.48,334.25
2022-12-28,West,37.42,25.45,0.055,0.24,527.14,11.1,10.35,87.7,339.75
2022-12-28,Central,40.41,25.5,0.061,0.241,530.08,10.72,10.15,86.66,337.44
2022-12-29,North,38.22,25.48,0.077,0.206,537.34,11.16,10.27,88.26,344.47
2022-12-29,South,33.4,26.14,0.065,0.24,530.25,10.79,10.04,87.84,341.03
2022-12-29,East,30.65,26.36,0.043,0.214,528.4,11.05,10.09,86.16,333.11
2022-12-29,West,34.94,25.68,0.046,0.206,526.79,10.98,10.17,87.22,338.52
2022-12-29,Central,37.72,25.45,0.045,0.194,527.66,10.71,9.91,86.78,336.66
2022-12-30,North,39.37,25.3,0.096,0.252,541.11,10.87,10.34,88.64,345.89
2022-12-30,South,35.77,26.04,0.086,0.249,528.3,10.53,10.21,88.17,339.97
2022-12-30,East,32.15,26.23,0.078,0.226,532.91,10.96,9.76,86.65,334.12
2022-12-30,West,37.67,25.39,0.085,0.242,527.0,10.97,10.4,87.8,340.25
2022-12-30,Central,38.11,25.33,0.075,0.247,529.87,10.6,9.98,87.49,337.58
2022-12-31,North,40.55,25.33,0.108,0.227,538.65,11.19,10.15,89.04,345.73
2022-12-31,South,34.19,25.83,0.11,0.256,527.32,10.86,10.15,88.16,340.75
2022-12-31,East,34.37,26.1,0.076,0.198,534.19,11.06,10.2,86.81,334.2
2022-12-31,West,37.0,25.44,0.091,0.22,528.34,11.13,10.57,87.56,340.18
2022-12-31,Central,38.54,25.42,0.086,0.226,534.08,10.69,10.22,87.46,338.02
2023-01-01,North,36.08,25.42,0.119,0.264,536.07,11.18,10.09,89.54,344.73
2023-01-01,South,32.58,26.18,0.116,0.264,528.93,10.81,10.08,88.38,342.49
2023-01-01,East,28.69,26.13,0.101,0.252,531.5,10.71,10.18,86.89,333.98
2023-01-01,West,33.81,25.67,0.118,0.249,524.58,10.92,10.48,87.92,340.8
2023-01-01,Central,34.19,25.56,0.106,0.256,535.03,10.49,9.65,87.83,337.15
2023-01-02,North,39.14,25.33,0.119,0.231,539.53,11.19,10.27,89.15,345.31
2023-01-02,South,35.0,26.0,0.116,0.237,527.04,10.73,10.11,88.46,341.77
2023-01-02,East,30.64,26.45,0.074,0.234,536.3,10.8,10.07,86.8,334.25
2023-01-02,West,37.21,25.69,0.092,0.217,532.89,11.03,10.61,88.31,339.21
2023-01-02,Central,36.88,25.67,0.091,0.209,528.55,10.62,9.98,87.4,336.94
2023-01-03,North,42.98,25.59,0.143,0.234,540.73,10.95,10.39,88.91,347.81
2023-01-03,South,38.46,26.34,0.136,0.229,527.48,10.71,10.38,88.33,341.92
2023-01-03,East,35.27,26.52,0.097,0.204,535.52,11.03,10.11,87.08,335.3
2023-01-03,West,39.39,25.92,0.108,0.238,524.99,10.79,10.53,87.47,341.86
2023-01-03,Central,40.31,25.69,0.132,0.218,532.77,10.81,10.0,87.75,339.3
2023-01-04,North,43.98,25.68,0.144,0.26,542.66,11.05,10.54,89.23,348.33
2023-01-04,South,40.63,26.3,0.123,0.263,529.38,11.05,10.15,88.27,344.18
2023-01-04,East,36.33,26.67,0.101,0.244,532.14,11.24,9.99,86.96,338.52
2023-01-04,West,42.76,25.89,0.116,0.25,529.56,10.97,10.08,87.89,343.9
2023-01-04,Central,43.47,25.83,0.101,0.242,535.93,10.71,10.18,87.3,341.04
2023-01-05,North,46.48,25.64,0.125,0.284,541.43,11.15,10.04,88.82,350.01
2023-01-05,South,40.74,26.34,0.126,0.262,527.3,10.82,9.99,88.27,345.1
2023-01-05,East,40.46,26.61,0.091,0.265,535.19,10.98,10.1,87.46,339.24
2023-01-05,West,42.04,26.07,0.122,0.264,526.03,10.94,10.42,88.06,345.34
2023-01-05,Central,44.58,25.99,0.111,0.261,532.26,10.62,10.07,87.66,343.16
2023-01-06,North,44.74,25.78,0.165,0.258,543.19,10.94,10.43,89.46,350.25
2023-01-06,South,40.71,26.66,0.135,0.278,533.15,10.84,10.25,88.81,345.27
2023-01-06,East,38.11,26.71,0.128,0.272,532.45,10.88,10.21,87.14,338.66
2023-01-06,West,43.77,26.06,0.145,0.275,533.03,10.94,10.54,88.12,346.51
2023-01-06,Central,45.11,26.1,0.108,0.276,531.46,10.77,9.97,87.89,342.59
2023-01-07,North,48.08,25.89,0.135,0.293,542.93,11.34,10.4,89.1,349.11
2023-01-07,South,44.47,26.65,0.127,0.297,530.33,10.93,10.34,88.43,346.18
2023-01-07,East,40.95,26.72,0.093,0.278,536.1,10.95,10.34,87.37,339.08
2023-01-07,West,47.25,26.35,0.115,0.28,527.53,11.07,10.45,87.81,346.2
2023-01-07,Central,47.57,26.21,0.119,0.283,533.97,10.84,10.02,87.74,342.56
2023-01-08,North,49.44,26.17,0.158,0.282,542.74,11.11,10.22,89.35,352.23
2023-01-08,South,45.95,26.81,0.151,0.292,531.54,10.85,10.34,89.15,347.21
2023-01-08,East,42.62,26.96,0.138,0.263,534.22,10.9,10.21,87.72,340.84
2023-01-08,West,47.1,26.34,0.142,0.308,529.57,11.09,10.49,88.39,347.77
2023-01-08,Central,49.24,26.34,0.135,0.268,534.65,10.72,10.45,88.2,344.24
2023-01-09,North,50.86,25.85,0.162,0.279,540.21,11.07,10.38,89.72,352.95
2023-01-09,South,48.31,26.57,0.167,0.273,529.38,10.64,10.13,89.1,349.61
2023-01-09,East,45.45,26.8,0.139,0.267,537.87,10.99,10.24,87.59,342.32
2023-01-09,West,48.49,26.11,0.17,0.265,525.45,11.12,10.55,88.46,348.27
2023-01-09,Central,51.59,26.22,0.137,0.277,536.39,10.64,10.4,88.35,345.03
2023-01-10,North,48.19,25.86,0.189,0.277,544.58,11.12,10.37,89.71,351.8
2023-01-10,South,44.89,26.5,0.179,0.246,530.31,10.8,10.2,88.5,348.76
2023-01-10,East,41.08,26.55,0.172,0.259,538.55,10.97,10.4,87.84,340.8
2023-01-10,West,46.1,25.95,0.175,0.246,527.9,10.99,10.71,88.1,347.51
2023-01-10,Central,47.76,25.83,0.175,0.244,533.97,10.73,10.32,87.94,345.53
2023-01-11,North,49.71,25.89,0.181,0.295,546.9,11.07,10.46,89.75,351.61
2023-01-11,South,45.25,26.57,0.165,0.272,525.51,10.97,10.56,88.96,347.26
2023-01-11,East,40.86,26.72,0.15,0.281,537.18,11.01,10.32,87.48,341.53
2023-01-11,West,46.38,26.3,0.171,0.274,529.32,11.05,10.61,88.69,346.53
2023-01-11,Central,47.23,26.17,0.151,0.27,536.78,10.71,10.23,88.45,343.99
2023-01-12,North,47.97,26.09,0.171,0.258,542.69,11.13,10.36,89.61,351.07
2023-01-12,South,44.8,26.79,0.185,0.283,534.87,10.65,10.36,88.77,349.13
2023-01-12,East,41.71,27.1,0.137,0.232,536.92,10.88,10.37,87.89,341.06
2023-01-12,West,44.74,26.41,0.169,0.252,530.39,11.28,10.44,88.55,347.42
2023-01-12,Central,48.66,26.42,0.155,0.25,536.28,10.75,10.28,88.23,344.2
2023-01-13,North,45.48,26.04,0.156,0.311,544.37,11.14,10.32,89.81,351.62
2023-01-13,South,43.88,26.8,0.147,0.289,534.37,10.73,10.42,88.5,347.87
2023-01-13,East,39.94,27.07,0.13,0.289,540.23,10.86,10.42,88.15,340.73
2023-01-13,West,44.1,26.26,0.145,0.268,529.01,10.96,10.62,88.83,347.35
2023-01-13,Central,49.12,26.17,0.131,0.263,533.46,10.58,10.15,88.14,343.25
2023-01-14,North,48.15,25.98,0.165,0.299,541.69,11.0,10.6,89.63,351.9
2023-01-14,South,44.6,26.59,0.173,0.288,532.17,10.86,10.33,89.14,348.63
2023-01-14,East,39.69,26.95,0.121,0.275,537.33,11.02,10.49,87.96,341.04
2023-01-14,West,44.95,26.27,0.152,0.277,530.66,11.22,10.47,88.45,347.45
2023-01-14,Central,45.42,26.15,0.137,0.266,531.37,10.84,10.15,87.62,345.42
2023-01-15,North,50.55,25.96,0.173,0.298,543.12,11.17,10.41,89.88,354.66
2023-01-15,South,45.42,26.8,0.163,0.3,535.06,10.77,10.45,89.12,349.62
2023-01-15,East,44.26,26.93,0.125,0.26,537.31,10.87,10.38,87.74,342.9
2023-01-15,West,48.82,26.39,0.171,0.293,529.1,10.94,10.6,88.6,349.92
2023-01-15,Central,49.32,26.2,0.163,0.265,537.7,10.69,10.34,88.35,347.58
2023-01-16,North,50.93,26.19,0.189,0.304,544.9,11.22,10.61,90.56,353.23
2023-01-16,South,47.77,26.96,0.168,0.289,532.84,10.85,10.37,89.05,349.54
2023-01-16,East,44.45,27.17,0.135,0.265,541.95,11.03,10.52,87.64,342.98
2023-01-16,West,50.07,26.39,0.157,0.294,530.13,10.87,10.6,88.79,348.78
2023-01-16,Central,49.45,26.39,0.144,0.3,537.22,10.74,10.42,88.26,347.07
2023-01-17,North,53.29,26.48,0.171,0.306,542.41,11.1,10.86,90.36,353.44
2023-01-17,South,48.83,27.21,0.158,0.284,532.95,10.72,10.7,89.1,350.22
2023-01-17,East,45.64,27.31,0.128,0.259,540.23,10.87,10.33,87.79,343.92
2023-01-17,West,51.06,26.74,0.153,0.274,534.17,10.98,10.53,88.72,348.32
2023-01-17,Central,51.41,26.65,0.125,0.283,536.99,10.83,10.53,88.4,346.46
2023-01-18,North,53.37,26.44,0.155,0.296,544.62,11.05,10.58,90.44,352.3
2023-01-18,South,49.33,27.13,0.136,0.293,535.31,10.93,10.64,89.55,348.73
2023-01-18,East,45.12,27.52,0.099,0.255,540.7,10.62,10.41,87.99,341.98
2023-01-18,West,50.42,26.84,0.144,0.274,531.73,10.93,10.75,88.8,347.32
2023-01-18,Central,51.79,26.87,0.116,0.258,537.63,10.62,10.37,88.3,345.02
2023-01-19,North,52.41,26.45,0.151,0.29,546.54,11.09,10.73,90.63,352.38
2023-01-19,South,47.49,27.15,0.142,0.284,533.52,10.71,10.45,89.49,347.92
2023-01-19,East,44.58,27.35,0.098,0.233,540.54,10.92,10.45,88.51,339.63
2023-01-19,West,49.03,26.68,0.116,0.264,533.73,11.02,10.86,89.11,346.65
2023-01-19,Central,51.43,26.71,0.112,0.228,538.35,10.71,10.62,88.77,344.52
2023-01-20,North,51.38,26.46,0.154,0.308,546.83,11.19,10.67,90.23,353.79
2023-01-20,South,48.27,27.27,0.152,0.297,533.97,10.75,10.44,89.51,349.67
2023-01-20,East,45.61,27.45,0.126,0.272,537.56,10.86,10.44,88.39,342.54
2023-01-20,West,48.29,26.87,0.128,0.285,533.86,11.23,10.64,89.01,348.02
2023-01-20,Central,50.31,26.63,0.127,0.293,538.14,10.57,10.43,88.52,346.33
2023-01-21,North,48.94,26.66,0.155,0.27,546.36,11.06,10.51,90.71,353.38
2023-01-21,South,46.48,27.2,0.134,0.272,531.56,10.49,10.45,89.43,348.69
2023-01-21,East,42.9,27.4,0.112,0.266,543.66,10.92,10.35,88.54,343.56
2023-01-21,West,47.42,26.75,0.118,0.262,533.98,11.15,10.88,89.28,348.96
2023-01-21,Central,49.78,26.77,0.136,0.264,538.76,10.62,10.48,88.74,345.74
2023-01-22,North,49.98,26.62,0.182,0.278,548.29,11.05,10.71,90.66,353.64
2023-01-22,South,45.1,27.3,0.182,0.268,533.16,10.9,10.5,89.64,349.52
2023-01-22,East,41.44,27.32,0.149,0.248,543.24,11.02,10.6,88.18,343.92
2023-01-22,West,48.15,26.84,0.157,0.262,533.74,10.85,10.59,88.89,351.32
2023-01-22,Central,46.15,26.62,0.159,0.241,535.34,10.32,10.52,88.72,346.77
2023-01-23,North,50.54,26.48,0.183,0.268,545.1,10.97,10.58,90.95,354.01
2023-01-23,South,46.69,27.0,0.169,0.266,535.35,10.94,10.56,90.0,350.64
2023-01-23,East,43.63,27.28,0.14,0.237,538.48,10.96,10.82,88.31,343.74
2023-01-23,West,47.98,26.81,0.181,0.287,532.69,11.17,10.74,89.16,349.67
2023-01-23,Central,49.37,26.75,0.164,0.259,541.59,10.73,10.69,88.86,346.93
2023-01-24,North,51.46,26.79,0.202,0.29,548.54,11.07,10.85,90.71,355.3
2023-01-24,South,48.35,27.4,0.206,0.297,533.86,10.8,10.8,89.84,350.81
2023-01-24,East,45.79,27.57,0.164,0.271,540.78,11.07,10.62,88.63,344.61
2023-01-24,West,49.27,27.15,0.203,0.273,535.83,10.93,10.76,89.55,351.83
2023-01-24,Central,54.0,26.97,0.183,0.261,536.04,10.8,10.5,89.39,349.83
2023-01-25,North,50.54,27.1,0.22,0.29,545.01,11.21,10.73,91.44,355.29
2023-01-25,South,46.04,27.84,0.183,0.282,538.49,10.68,10.62,89.89,351.05
2023-01-25,East,43.71,27.85,0.171,0.26,544.18,10.88,10.56,89.16,343.84
2023-01-25,West,47.42,27.43,0.192,0.285,532.48,10.79,10.71,90.25,349.78
2023-01-25,Central,49.57,27.15,0.151,0.254,542.36,10.54,10.51,89.62,347.87
2023-01-26,North,51.92,27.17,0.231,0.3,546.89,11.03,10.84,91.4,355.11
2023-01-26,South,46.41,27.79,0.208,0.302,536.17,10.74,10.94,90.47,351.77
2023-01-26,East,45.15,28.22,0.168,0.294,541.07,11.09,10.6,89.23,345.42
2023-01-26,West,49.93,27.48,0.203,0.307,534.64,11.05,10.78,90.39,350.23
2023-01-26,Central,51.37,27.52,0.192,0.297,542.06,10.71,10.17,89.61,348.02
2023-01-27,North,51.53,27.14,0.235,0.311,544.0,11.06,10.92,91.38,355.02
2023-01-27,South,47.75,27.78,0.206,0.306,538.03,10.75,10.73,90.68,351.52
2023-01-27,East,44.83,28.07,0.172,0.274,542.3,10.93,10.63,89.15,344.56
2023-01-27,West,49.5,27.37,0.203,0.291,534.1,10.96,10.88,89.92,350.67
2023-01-27,Central,50.67,27.41,0.193,0.283,540.43,10.62,10.58,89.99,347.35
2023-01-28,North,51.79,27.1,0.203,0.295,546.14,10.93,10.7,91.13,355.49
2023-01-28,South,49.0,27.85,0.204,0.292,537.42,10.95,10.88,90.33,351.96
2023-01-28,East,43.83,28.13,0.157,0.273,542.91,10.86,10.76,89.02,345.36
2023-01-28,West,49.28,27.46,0.189,0.29,534.85,10.97,11.08,89.91,351.37
2023-01-28,Central,49.72,27.52,0.186,0.304,542.68,10.76,10.38,89.4,348.26
2023-01-29,North,51.96,27.29,0.197,0.293,548.45,10.96,11.03,91.48,354.67
2023-01-29,South,47.74,28.08,0.214,0.309,538.22,10.85,10.74,91.02,351.14
2023-01-29,East,45.09,28.16,0.189,0.275,541.57,10.88,10.41,89.31,344.37
2023-01-29,West,48.96,27.68,0.192,0.269,537.0,10.94,10.81,90.51,351.66
2023-01-29,Central,48.32,27.62,0.198,0.269,536.73,10.47,10.69,89.86,347.98
2023-01-30,North,53.46,27.36,0.215,0.244,548.47,10.84,10.7,91.79,354.97
2023-01-30,South,49.05,28.18,0.216,0.233,538.23,10.47,10.65,90.81,351.91
2023-01-30,East,44.94,28.3,0.181,0.229,544.36,10.86,10.61,89.62,344.43
2023-01-30,West,49.48,27.61,0.214,0.228,535.35,10.91,10.79,89.93,350.13
2023-01-30,Central,52.03,27.47,0.202,0.231,538.37,10.76,10.66,89.72,348.95
2023-01-31,North,52.35,27.59,0.233,0.214,546.27,11.26,10.72,91.63,355.86
2023-01-31,South,47.93,28.28,0.231,0.233,536.33,10.66,10.45,90.41,350.82
2023-01-31,East,44.82,28.55,0.21,0.216,543.93,10.7,10.63,89.63,345.9
2023-01-31,West,50.73,27.85,0.222,0.213,538.15,11.14,10.95,90.3,351.26
2023-01-31,Central,53.06,27.8,0.221,0.206,543.96,10.71,10.73,90.17,348.93
2023-02-01,North,53.46,27.7,0.237,0.219,550.4,11.02,10.8,91.56,356.34
2023-02-01,South,50.61,28.22,0.229,0.208,539.9,10.65,10.67,90.87,353.16
2023-02-01,East,45.99,28.58,0.192,0.211,544.53,10.92,10.68,89.65,346.51
2023-02-01,West,53.85,27.85,0.225,0.242,534.75,10.95,10.95,90.48,352.15
2023-02-01,Central,53.39,27.89,0.204,0.199,542.62,10.54,10.62,89.63,349.23
2023-02-02,North,53.43,27.68,0.226,0.243,551.82,10.93,10.73,91.95,356.74
2023-02-02,South,49.04,28.49,0.221,0.234,538.9,10.49,10.63,91.19,352.13
2023-02-02,East,47.37,28.75,0.194,0.219,545.95,10.89,10.76,89.65,345.58
2023-02-02,West,51.41,28.03,0.21,0.232,536.7,10.84,11.04,90.16,351.96
2023-02-02,Central,51.69,27.88,0.199,0.234,537.5,10.62,10.65,89.78,349.07
2023-02-03,North,53.68,27.73,0.216,0.265,552.04,11.02,10.74,91.63,356.42
2023-02-03,South,50.07,28.55,0.22,0.24,538.97,10.73,10.68,90.6,353.7
2023-02-03,East,48.34,28.76,0.185,0.249,544.47,10.93,10.66,89.58,345.77
2023-02-03,West,52.6,28.09,0.208,0.24,539.12,11.06,11.0,90.1,351.93
2023-02-03,Central,52.73,28.03,0.211,0.239,542.02,10.88,10.61,89.93,348.55
2023-02-04,North,50.68,27.74,0.261,0.238,548.84,11.0,10.96,91.4,357.71
2023-02-04,South,48.48,28.65,0.253,0.199,539.17,10.84,10.76,91.21,353.33
2023-02-04,East,44.51,28.82,0.217,0.189,545.59,10.87,10.68,90.03,345.68
2023-02-04,West,51.4,28.18,0.222,0.236,540.23,10.99,10.91,90.75,351.54
2023-02-04,Central,50.86,28.02,0.212,0.211,540.4,10.66,10.86,90.66,348.38
2023-02-05,North,54.45,27.58,0.268,0.251,553.05,11.05,10.67,92.12,358.51
2023-02-05,South,50.22,28.31,0.258,0.248,539.19,10.94,10.68,91.29,355.52
2023-02-05,East,46.78,28.57,0.211,0.241,547.21,10.78,10.53,89.99,349.2
2023-02-05,West,52.31,27.88,0.241,0.257,537.06,10.95,11.15,90.46,353.96
2023-02-05,Central,54.47,27.85,0.234,0.251,539.71,10.63,10.34,90.63,352.64
2023-02-06,North,52.38,27.66,0.267,0.295,552.23,11.2,10.86,92.81,357.91
2023-02-06,South,49.3,28.32,0.267,0.262,542.42,10.76,10.81,91.54,354.69
2023-02-06,East,47.0,28.63,0.237,0.28,544.77,10.94,10.71,90.34,347.78
2023-02-06,West,51.83,27.93,0.263,0.267,539.64,10.87,10.95,90.78,353.81
2023-02-06,Central,53.2,27.86,0.231,0.268,547.31,10.76,10.69,90.76,352.49
2023-02-07,North,55.23,27.65,0.295,0.302,550.28,11.01,10.62,92.58,359.01
2023-02-07,South,49.76,28.35,0.295,0.297,540.56,10.72,10.69,91.98,356.28
2023-02-07,East,46.69,28.48,0.248,0.279,543.3,10.71,10.61,90.33,349.09
2023-02-07,West,52.63,27.96,0.276,0.293,538.08,10.94,10.65,91.19,355.19
2023-02-07,Central,53.03,27.83,0.267,0.294,540.7,10.59,10.53,90.93,352.42
2023-02-08,North,49.77,27.43,0.31,0.263,548.78,10.98,11.01,92.59,359.0
2023-02-08,South,47.92,28.18,0.299,0.276,539.87,10.61,10.71,91.86,356.37
2023-02-08,East,44.99,28.35,0.257,0.255,543.04,10.62,10.53,90.24,349.71
2023-02-08,West,48.79,27.78,0.289,0.242,539.89,10.58,10.91,91.31,355.59
2023-02-08,Central,50.27,27.71,0.295,0.286,543.76,10.54,10.67,90.77,352.97
2023-02-09,North,47.34,27.83,0.322,0.28,552.81,10.99,10.7,92.86,359.41
2023-02-09,South,44.99,28.44,0.318,0.244,538.68,10.74,10.93,91.66,354.37
2023-02-09,East,42.76,28.56,0.272,0.257,545.09,10.79,10.61,90.68,348.64
2023-02-09,West,46.97,27.89,0.302,0.246,540.77,10.77,11.08,91.57,354.28
2023-02-09,Central,47.2,27.99,0.293,0.238,543.81,10.49,10.7,91.03,351.7
2023-02-10,North,51.65,27.97,0.29,0.3,549.27,10.6,11.14,92.6,358.84
2023-02-10,South,46.72,28.5,0.294,0.292,538.88,10.58,10.84,92.05,354.84
2023-02-10,East,44.03,28.91,0.276,0.27,547.68,10.82,10.5,90.87,347.59
2023-02-10,West,48.75,28.17,0.284,0.265,539.35,10.81,11.12,91.46,354.98
2023-02-10,Central,50.1,28.18,0.285,0.302,543.87,10.45,10.75,90.88,350.91
2023-02-11,North,51.57,28.23,0.285,0.33,549.8,11.0,10.81,93.13,358.65
2023-02-11,South,45.42,28.8,0.304,0.28,542.52,10.63,10.74,91.51,354.83
2023-02-11,East,44.34,29.0,0.275,0.28,548.28,10.69,10.54,90.65,347.78
2023-02-11,West,48.61,28.42,0.257,0.297,539.28,10.79,10.87,91.43,353.87
2023-02-11,Central,50.2,28.23,0.259,0.286,543.84,10.54,10.71,91.21,351.17
2023-02-12,North,46.6,28.22,0.281,0.266,552.59,11.02,10.97,93.06,357.82
2023-02-12,South,43.04,28.92,0.266,0.277,543.53,10.55,10.89,92.1,354.21
2023-02-12,East,40.31,28.98,0.24,0.264,545.21,10.56,10.45,90.85,347.81
2023-02-12,West,45.73,28.29,0.257,0.285,539.41,10.88,10.95,91.41,354.1
2023-02-12,Central,45.52,28.44,0.262,0.254,540.16,10.52,10.76,90.75,349.72
2023-02-13,North,48.52,28.27,0.308,0.289,554.56,10.93,11.09,92.86,359.21
2023-02-13,South,45.81,28.88,0.295,0.294,541.84,10.43,10.8,92.05,355.86
2023-02-13,East,41.68,29.17,0.276,0.278,549.24,10.65,10.57,91.18,349.1
2023-02-13,West,46.62,28.51,0.265,0.284,542.26,10.76,10.96,91.38,354.13
2023-02-13,Central,48.52,28.63,0.273,0.269,544.54,10.51,10.74,91.66,351.4
2023-02-14,North,47.22,28.29,0.279,0.313,556.84,10.99,10.93,93.66,358.96
2023-02-14,South,44.06,29.06,0.292,0.296,544.01,10.47,10.86,92.21,355.26
2023-02-14,East,41.57,29.39,0.271,0.293,542.69,10.68,10.76,90.51,348.25
2023-02-14,West,44.83,28.59,0.269,0.308,533.18,10.83,11.15,91.77,355.09
2023-02-14,Central,46.12,28.46,0.269,0.283,544.2,10.48,10.61,91.31,350.93
2023-02-15,North,48.94,28.35,0.268,0.27,554.01,10.97,11.0,93.3,358.56
2023-02-15,South,46.25,29.01,0.275,0.269,540.44,10.75,10.82,92.61,353.56
2023-02-15,East,41.6,29.18,0.247,0.256,546.49,10.92,10.79,91.24,346.56
2023-02-15,West,48.71,28.47,0.238,0.267,538.97,10.68,10.95,91.72,353.19
2023-02-15,Central,49.8,28.53,0.233,0.27,546.68,10.54,10.68,91.47,351.61
2023-02-16,North,47.53,28.2,0.278,0.281,551.66,10.85,10.96,92.98,358.27
2023-02-16,South,44.13,28.8,0.277,0.29,540.48,10.69,10.8,91.85,353.37
2023-02-16,East,40.78,29.12,0.234,0.26,548.74,10.7,10.89,90.92,347.3
2023-02-16,West,47.88,28.51,0.271,0.266,542.15,10.67,11.0,92.08,354.16
2023-02-16,Central,48.32,28.42,0.25,0.272,550.22,10.58,10.75,91.33,350.46
2023-02-17,North,49.94,28.2,0.252,0.3,554.33,10.91,10.88,92.97,358.48
2023-02-17,South,45.06,28.98,0.24,0.29,549.93,10.55,11.0,91.84,354.83
2023-02-17,East,42.14,29.2,0.215,0.272,550.06,10.93,10.83,90.9,347.92
2023-02-17,West,46.34,28.51,0.24,0.279,538.69,10.87,11.05,91.65,354.32
2023-02-17,Central,47.63,28.35,0.238,0.283,545.06,10.51,10.69,91.2,351.49
2023-02-18,North,50.73,28.27,0.247,0.264,554.38,10.63,10.8,93.24,359.28
2023-02-18,South,47.34,28.81,0.236,0.274,542.85,10.47,10.84,92.09,354.87
2023-02-18,East,40.03,29.13,0.216,0.244,550.46,10.7,10.83,90.86,347.68
2023-02-18,West,46.99,28.6,0.255,0.256,540.76,10.72,10.88,92.0,353.74
2023-02-18,Central,49.53,28.48,0.236,0.243,548.48,10.53,10.72,91.48,350.04
2023-02-19,North,48.16,27.93,0.256,0.248,553.23,10.73,10.74,92.77,357.62
2023-02-19,South,44.01,28.75,0.227,0.254,544.34,10.33,10.7,92.17,353.48
2023-02-19,East,42.23,29.0,0.189,0.242,552.66,10.66,10.71,91.07,346.18
2023-02-19,West,46.54,28.31,0.207,0.251,542.69,10.56,11.02,91.71,353.62
2023-02-19,Central,48.25,28.39,0.226,0.237,547.08,10.42,10.58,91.36,350.04
2023-02-20,North,46.53,28.08,0.257,0.24,553.62,10.69,10.97,93.21,356.6
2023-02-20,South,42.46,28.71,0.25,0.211,542.26,10.52,10.93,92.24,351.99
2023-02-20,East,38.98,28.98,0.213,0.218,544.95,10.8,10.95,90.88,345.03
2023-02-20,West,44.83,28.49,0.231,0.207,540.98,10.76,11.1,91.83,352.08
2023-02-20,Central,46.35,28.27,0.225,0.236,545.49,10.49,10.95,91.58,349.54
2023-02-21,North,46.12,28.13,0.265,0.199,551.95,10.91,10.7,93.14,355.68
2023-02-21,South,43.34,28.73,0.242,0.193,542.87,10.55,10.71,92.54,350.98
2023-02-21,East,38.12,29.33,0.256,0.199,548.8,10.66,10.64,91.01,344.42
2023-02-21,West,44.23,28.46,0.237,0.201,542.75,10.64,10.93,91.93,351.84
2023-02-21,Central,45.91,28.3,0.249,0.206,547.85,10.32,10.79,91.38,348.94
2023-02-22,North,46.58,28.29,0.293,0.176,554.07,10.69,10.95,93.0,356.5
2023-02-22,South,44.75,29.04,0.283,0.171,541.61,10.42,10.7,92.89,353.32
2023-02-22,East,41.79,29.22,0.253,0.167,548.3,10.74,10.67,91.45,346.29
2023-02-22,West,43.49,28.72,0.263,0.162,541.38,10.53,11.13,91.93,352.38
2023-02-22,Central,46.86,28.5,0.25,0.177,548.24,10.49,10.64,91.24,350.34
2023-02-23,North,44.5,28.42,0.337,0.202,554.42,10.74,10.95,93.26,356.95
2023-02-23,South,40.7,29.24,0.315,0.195,543.08,10.31,10.81,92.68,353.03
2023-02-23,East,39.64,29.43,0.269,0.185,548.08,10.72,10.56,91.52,345.4
2023-02-23,West,43.86,28.82,0.279,0.174,542.93,10.72,10.94,92.11,351.57
2023-02-23,Central,42.91,28.68,0.288,0.178,546.61,10.55,10.79,91.57,348.69
2023-02-24,North,40.89,28.52,0.325,0.193,554.51,10.8,11.03,93.05,356.46
2023-02-24,South,37.89,29.25,0.3,0.188,546.13,10.41,10.76,92.73,352.04
2023-02-24,East,34.52,29.57,0.271,0.163,548.69,10.47,10.48,91.66,344.92
2023-02-24,West,39.39,28.77,0.29,0.168,542.61,10.74,10.9,92.12,350.79
2023-02-24,Central,41.36,28.72,0.264,0.186,548.75,10.42,10.86,91.91,348.68
2023-02-25,North,44.38,28.53,0.322,0.169,557.82,10.9,11.01,93.65,354.95
2023-02-25,South,39.62,29.2,0.327,0.185,546.1,10.24,10.66,92.64,351.61
2023-02-25,East,37.92,29.4,0.292,0.146,548.22,10.48,10.64,91.54,345.69
2023-02-25,West,41.56,28.76,0.321,0.149,544.15,10.75,10.92,92.28,351.46
2023-02-25,Central,42.02,28.67,0.288,0.185,546.99,10.41,10.75,91.79,348.51
2023-02-26,North,41.89,28.54,0.29,0.169,559.53,10.71,10.86,93.35,355.15
2023-02-26,South,38.25,29.17,0.294,0.203,545.96,10.46,10.4,93.07,349.61
2023-02-26,East,34.97,29.33,0.28,0.157,547.03,10.55,10.55,91.47,343.12
2023-02-26,West,40.58,28.67,0.285,0.152,539.16,10.71,10.91,92.19,350.15
2023-02-26,Central,41.71,28.54,0.282,0.16,545.24,10.3,10.59,91.51,347.37
2023-02-27,North,41.54,28.48,0.303,0.147,559.23,10.73,10.72,93.67,353.93
2023-02-27,South,38.24,29.09,0.279,0.143,545.19,10.58,10.67,93.03,350.03
2023-02-27,East,35.59,29.28,0.261,0.145,548.06,10.44,10.63,91.63,343.09
2023-02-27,West,40.28,28.75,0.248,0.151,546.22,10.6,10.96,92.98,349.05
2023-02-27,Central,42.77,28.7,0.283,0.126,547.45,10.47,10.7,92.29,345.07
2023-02-28,North,41.01,28.2,0.309,0.167,553.98,10.7,10.89,93.62,352.77
2023-02-28,South,35.93,29.08,0.286,0.169,547.37,10.24,10.92,93.45,348.78
2023-02-28,East,33.11,29.24,0.266,0.139,553.68,10.3,10.55,92.02,341.93
2023-02-28,West,36.15,28.71,0.279,0.166,540.48,10.62,10.86,92.74,348.24
2023-02-28,Central,38.14,28.56,0.272,0.145,548.4,10.53,10.48,92.39,344.83
2023-03-01,North,38.83,28.51,0.259,0.182,553.74,10.66,10.89,94.17,354.17
2023-03-01,South,35.26,29.04,0.27,0.207,544.45,10.62,10.58,93.34,349.09
2023-03-01,East,31.49,29.2,0.224,0.17,553.11,10.29,10.59,91.62,343.33
2023-03-01,West,36.59,28.76,0.244,0.155,547.55,10.8,10.68,92.89,348.16
2023-03-01,Central,36.62,28.51,0.221,0.169,552.44,10.23,10.72,92.57,346.4
2023-03-02,North,39.99,28.44,0.293,0.167,558.33,10.91,10.71,93.07,354.73
2023-03-02,South,35.64,28.92,0.259,0.176,544.63,10.41,10.69,92.83,351.58
2023-03-02,East,31.1,29.29,0.237,0.144,547.33,10.65,10.84,91.55,345.21
2023-03-02,West,36.92,28.53,0.272,0.16,545.67,10.59,10.82,92.47,349.09
2023-03-02,Central,38.34,28.58,0.244,0.158,549.46,10.43,10.57,92.37,347.78
2023-03-03,North,41.66,28.15,0.259,0.16,556.91,10.72,10.76,93.91,357.04
2023-03-03,South,36.84,28.85,0.255,0.176,546.12,10.4,10.53,92.67,352.88
2023-03-03,East,32.51,29.07,0.218,0.144,553.74,10.55,10.64,91.57,345.32
2023-03-03,West,39.29,28.42,0.241,0.171,544.3,10.65,10.93,92.28,352.0
2023-03-03,Central,41.49,28.43,0.243,0.127,547.5,10.33,10.46,91.7,349.46
2023-03-04,North,40.31,28.28,0.266,0.175,555.5,10.77,10.83,93.86,355.94
2023-03-04,South,35.44,28.85,0.269,0.155,546.01,10.44,10.92,92.74,351.71
2023-03-04,East,32.22,29.29,0.241,0.165,550.74,10.56,10.56,92.07,343.46
2023-03-04,West,37.52,28.53,0.249,0.184,543.29,10.66,10.9,92.61,351.02
2023-03-04,Central,38.64,28.48,0.23,0.185,547.66,10.25,10.47,92.1,348.17
2023-03-05,North,42.87,28.45,0.255,0.127,557.13,10.75,10.75,93.42,356.16
2023-03-05,South,38.21,29.21,0.235,0.12,545.66,10.63,10.64,92.54,353.11
2023-03-05,East,35.99,29.3,0.22,0.105,549.85,10.3,10.53,91.21,345.62
2023-03-05,West,39.8,28.65,0.235,0.122,544.29,10.64,10.7,92.29,352.07
2023-03-05,Central,41.51,28.56,0.232,0.118,550.24,10.43,10.5,91.71,349.75
2023-03-06,North,40.51,28.1,0.274,0.144,559.96,10.62,10.65,93.59,357.14
2023-03-06,South,37.65,28.87,0.254,0.158,543.2,10.29,10.65,92.5,352.84
2023-03-06,East,33.97,28.96,0.234,0.123,549.75,10.43,10.68,91.63,345.69
2023-03-06,West,39.14,28.48,0.262,0.141,544.11,10.77,10.73,92.34,353.1
2023-03-06,Central,39.47,28.4,0.231,0.117,552.48,10.14,10.63,91.63,351.17
2023-03-07,North,40.07,28.06,0.286,0.202,558.8,10.63,10.78,94.13,357.1
2023-03-07,South,36.35,28.99,0.284,0.196,545.38,10.34,10.48,93.23,353.27
2023-03-07,East,32.29,28.98,0.226,0.202,552.58,10.45,10.49,91.71,347.58
2023-03-07,West,38.81,28.45,0.251,0.221,542.23,10.66,10.74,93.05,353.11
2023-03-07,Central,38.2,28.23,0.251,0.204,550.83,10.29,10.49,92.47,349.36
2023-03-08,North,41.77,28.34,0.293,0.198,556.35,10.72,10.54,94.06,357.81
2023-03-08,South,38.18,29.03,0.285,0.213,546.08,10.44,10.7,93.1,353.44
2023-03-08,East,36.48,29.16,0.265,0.185,550.68,10.66,10.41,91.89,347.84
2023-03-08,West,39.65,28.53,0.275,0.204,543.94,10.38,10.63,92.55,352.72
2023-03-08,Central,42.06,28.59,0.27,0.185,551.3,10.34,10.39,92.18,351.5
2023-03-09,North,42.86,28.51,0.294,0.187,558.89,10.56,10.51,93.85,358.97
2023-03-09,South,37.56,29.33,0.292,0.216,544.78,10.42,10.51,93.21,356.15
2023-03-09,East,35.45,29.45,0.253,0.174,550.83,10.27,10.24,91.66,348.18
2023-03-09,West,39.65,28.88,0.285,0.166,543.36,10.25,11.06,92.73,354.32
2023-03-09,Central,43.6,28.73,0.268,0.169,553.96,10.1,10.65,92.39,352.11
2023-03-10,North,43.45,28.52,0.29,0.198,559.2,10.55,10.73,93.65,358.92
2023-03-10,South,36.41,29.29,0.275,0.212,546.4,10.31,10.63,93.32,353.58
2023-03-10,East,33.29,29.55,0.252,0.2,547.41,10.32,10.45,91.77,348.19
2023-03-10,West,40.39,28.8,0.279,0.194,542.17,10.46,10.9,92.59,353.83
2023-03-10,Central,40.77,28.76,0.262,0.189,549.91,10.15,10.38,91.9,350.92
2023-03-11,North,41.04,28.51,0.287,0.23,558.16,10.52,10.52,94.12,359.57
2023-03-11,South,37.76,29.43,0.271,0.227,546.84,10.49,10.67,93.21,353.07
2023-03-11,East,34.17,29.46,0.25,0.213,553.47,10.55,10.37,92.11,348.48
2023-03-11,West,38.13,29.07,0.276,0.233,545.28,10.49,10.55,92.63,353.34
2023-03-11,Central,39.7,28.75,0.272,0.214,545.83,10.2,10.49,92.37,350.63
2023-03-12,North,43.17,28.47,0.28,0.238,555.36,10.63,10.53,93.99,358.12
2023-03-12,South,38.3,29.43,0.287,0.243,546.03,10.18,10.44,93.22,353.87
2023-03-12,East,36.29,29.32,0.251,0.204,554.39,10.61,10.23,91.79,346.68
2023-03-12,West,40.0,28.94,0.252,0.242,548.49,10.5,10.68,92.71,353.62
2023-03-12,Central,41.36,28.66,0.237,0.217,546.48,10.14,10.57,91.8,351.12
2023-03-13,North,43.09,28.4,0.29,0.211,561.49,10.63,10.61,93.85,360.0
2023-03-13,South,41.07,29.13,0.271,0.18,551.03,10.29,10.55,93.07,354.08
2023-03-13,East,36.47,29.32,0.25,0.179,551.29,10.64,10.42,91.58,348.55
2023-03-13,West,41.58,28.69,0.27,0.167,545.02,10.74,10.94,92.63,354.59
2023-03-13,Central,42.66,28.69,0.273,0.169,552.43,10.13,10.37,92.2,352.42
2023-03-14,North,42.36,28.64,0.3,0.211,561.34,10.37,10.59,93.69,357.88
2023-03-14,South,36.43,29.13,0.276,0.19,548.78,10.18,10.4,93.16,353.71
2023-03-14,East,35.89,29.56,0.249,0.173,554.1,10.27,10.36,91.4,346.48
2023-03-14,West,40.2,28.93,0.273,0.185,549.04,10.4,10.76,92.87,353.99
2023-03-14,Central,39.79,28.66,0.258,0.195,554.59,10.27,10.32,92.55,349.94
2023-03-15,North,41.11,28.53,0.334,0.239,561.16,10.5,10.39,94.4,358.09
2023-03-15,South,38.04,29.22,0.322,0.237,547.8,10.23,10.43,92.89,354.87
2023-03-15,East,34.97,29.63,0.296,0.233,553.97,10.27,10.53,92.16,347.75
2023-03-15,West,37.55,29.02,0.308,0.245,547.07,10.66,10.41,93.18,353.04
2023-03-15,Central,40.35,28.83,0.318,0.229,552.74,10.07,10.37,92.64,352.37
2023-03-16,North,41.17,28.84,0.338,0.264,559.58,10.43,10.64,94.02,358.52
2023-03-16,South,37.51,29.41,0.326,0.234,545.61,10.48,10.56,93.16,355.04
2023-03-16,East,33.83,29.64,0.291,0.242,550.0,10.23,10.21,92.02,347.69
2023-03-16,West,38.79,29.0,0.305,0.223,548.35,10.44,10.81,92.48,354.44
2023-03-16,Central,42.19,28.86,0.284,0.257,550.79,10.13,10.43,92.14,352.17
2023-03-17,North,38.97,28.99,0.331,0.241,560.23,10.45,10.63,93.82,357.27
2023-03-17,South,34.05,29.66,0.319,0.221,551.75,10.32,10.26,92.88,354.58
2023-03-17,East,30.59,29.77,0.279,0.208,553.15,10.42,10.33,91.56,345.65
2023-03-17,West,37.07,29.15,0.297,0.22,543.93,10.24,10.64,92.78,353.85
2023-03-17,Central,39.24,28.99,0.3,0.196,552.29,10.3,10.14,92.19,350.15
2023-03-18,North,39.83,28.95,0.322,0.213,559.91,10.5,10.26,94.01,357.97
2023-03-18,South,33.48,29.69,0.318,0.23,553.08,10.28,10.54,92.94,352.42
2023-03-18,East,29.69,29.88,0.283,0.214,554.45,10.41,10.31,91.7,347.5
2023-03-18,West,37.28,29.3,0.302,0.199,548.18,10.39,10.63,92.8,352.75
2023-03-18,Central,36.33,29.23,0.292,0.227,552.82,10.1,10.41,92.24,350.63
2023-03-19,North,37.39,28.82,0.329,0.188,560.05,10.55,10.56,93.99,356.71
2023-03-19,South,33.94,29.42,0.318,0.175,550.32,10.1,10.19,93.54,352.45
2023-03-19,East,31.72,29.75,0.279,0.162,552.55,10.36,10.2,91.71,346.47
2023-03-19,West,35.8,29.15,0.297,0.167,546.84,10.2,10.74,92.64,352.82
2023-03-19,Central,36.57,28.98,0.286,0.16,548.1,10.16,10.28,91.82,349.65
2023-03-20,North,40.68,28.79,0.321,0.229,557.28,10.3,10.68,93.6,359.06
2023-03-20,South,35.26,29.38,0.311,0.213,550.47,10.12,10.36,93.24,353.37
2023-03-20,East,32.43,29.74,0.289,0.164,550.61,10.37,10.3,91.87,346.59
2023-03-20,West,37.07,28.9,0.334,0.181,546.12,10.11,10.51,92.51,353.4
2023-03-20,Central,37.15,28.91,0.297,0.185,549.2,10.0,10.39,92.03,350.69
2023-03-21,North,39.65,28.76,0.331,0.18,562.75,10.4,10.44,93.98,357.7
2023-03-21,South,36.62,29.43,0.335,0.178,550.34,10.33,10.42,92.96,352.64
2023-03-21,East,33.6,29.66,0.306,0.159,553.64,10.17,10.39,91.43,346.2
2023-03-21,West,39.56,29.18,0.306,0.154,545.86,10.32,10.37,92.27,351.05
2023-03-21,Central,40.51,29.05,0.318,0.166,550.38,10.21,10.17,91.74,349.97
2023-03-22,North,38.76,28.8,0.341,0.168,560.17,10.46,10.74,93.84,357.55
2023-03-22,South,36.02,29.35,0.337,0.168,551.72,10.13,10.17,92.85,353.32
2023-03-22,East,32.56,29.68,0.299,0.177,556.27,10.29,10.04,92.14,346.8
2023-03-22,West,38.57,29.08,0.327,0.152,546.66,10.19,10.39,92.72,352.72
2023-03-22,Central,38.12,28.86,0.308,0.152,550.15,10.19,10.21,92.12,349.56
2023-03-23,North,38.41,28.58,0.348,0.154,560.79,10.55,10.67,93.52,356.18
2023-03-23,South,34.21,29.44,0.327,0.152,549.22,10.03,10.09,92.83,351.44
2023-03-23,East,30.67,29.67,0.301,0.11,550.31,10.17,10.17,91.38,345.16
2023-03-23,West,36.3,28.88,0.321,0.124,546.87,10.1,10.42,92.67,349.84
2023-03-23,Central,36.45,28.97,0.307,0.153,550.16,10.25,10.17,92.04,348.98
2023-03-24,North,39.03,28.81,0.354,0.118,556.47,10.61,10.58,93.77,354.29
2023-03-24,South,34.15,29.41,0.343,0.121,549.51,10.18,10.47,92.91,351.27
2023-03-24,East,32.81,29.73,0.306,0.121,553.76,10.28,10.19,92.06,343.84
2023-03-24,West,36.15,28.99,0.335,0.13,545.56,10.47,10.48,92.5,349.78
2023-03-24,Central,37.85,29.11,0.345,0.114,553.13,9.98,10.4,92.42,348.33
2023-03-25,North,39.03,28.67,0.387,0.159,559.85,10.55,10.12,94.08,355.2
2023-03-25,South,31.34,29.38,0.36,0.144,545.35,10.18,10.42,92.89,350.91
2023-03-25,East,29.07,29.68,0.321,0.156,552.4,10.33,10.11,91.84,343.65
2023-03-25,West,35.93,29.01,0.325,0.14,545.6,10.47,10.28,92.54,350.1
2023-03-25,Central,36.22,28.95,0.33,0.145,553.47,9.95,9.9,92.31,347.94
2023-03-26,North,38.86,28.59,0.371,0.146,558.17,10.33,10.35,93.62,355.67
2023-03-26,South,32.24,29.44,0.341,0.163,547.54,10.1,10.3,93.04,349.74
2023-03-26,East,30.53,29.4,0.317,0.141,553.4,10.1,10.38,91.57,343.59
2023-03-26,West,36.11,28.98,0.339,0.178,543.53,10.15,10.24,92.37,350.53
2023-03-26,Central,37.05,28.85,0.34,0.141,552.43,10.0,10.08,91.93,347.69
2023-03-27,North,35.76,28.83,0.356,0.146,563.13,10.46,10.21,93.57,354.75
2023-03-27,South,31.74,29.41,0.361,0.143,546.23,9.95,9.95,92.7,350.25
2023-03-27,East,30.23,29.71,0.307,0.121,556.47,10.15,10.2,91.79,343.76
2023-03-27,West,35.53,29.07,0.326,0.152,543.0,10.34,10.4,92.24,349.15
2023-03-27,Central,36.57,28.98,0.329,0.126,554.18,9.96,10.1,92.05,348.42
2023-03-28,North,35.53,28.64,0.379,0.106,559.03,10.38,10.25,93.82,352.11
2023-03-28,South,29.88,29.51,0.394,0.12,546.76,10.05,10.18,93.36,347.83
2023-03-28,East,28.48,29.9,0.36,0.108,550.21,10.33,9.93,91.86,341.2
2023-03-28,West,34.38,28.95,0.375,0.089,548.6,10.15,10.55,92.63,347.15
2023-03-28,Central,34.25,28.98,0.345,0.101,552.25,10.02,10.06,92.37,345.36
2023-03-29,North,32.73,28.77,0.384,0.07,557.64,10.25,10.25,93.59,350.93
2023-03-29,South,28.75,29.57,0.373,0.07,551.3,10.28,10.1,93.21,347.98
2023-03-29,East,26.82,29.57,0.325,0.058,553.4,9.98,10.19,91.72,339.6
2023-03-29,West,31.75,29.09,0.344,0.03,546.6,10.19,10.52,92.47,346.6
2023-03-29,Central,30.55,28.95,0.352,0.046,548.93,9.85,9.92,92.06,343.22
2023-03-30,North,33.45,28.84,0.383,0.047,560.11,10.4,10.26,93.46,352.25
2023-03-30,South,32.05,29.48,0.376,0.049,546.15,10.0,10.17,92.78,348.32
2023-03-30,East,27.14,29.58,0.342,0.047,549.93,10.04,9.81,91.55,342.05
2023-03-30,West,33.39,29.15,0.355,0.047,545.16,10.27,10.4,92.32,348.24
2023-03-30,Central,34.11,29.01,0.374,0.044,550.21,9.91,10.14,92.21,344.86
2023-03-31,North,33.26,28.58,0.374,0.064,561.74,10.11,10.32,93.91,349.98
2023-03-31,South,30.79,29.4,0.348,0.046,549.85,9.99,10.07,92.81,346.91
2023-03-31,East,27.53,29.52,0.342,0.042,556.45,10.2,10.23,91.51,340.96
2023-03-31,West,31.55,29.03,0.344,0.036,545.61,10.5,10.53,92.21,346.72
2023-03-31,Central,32.22,28.73,0.334,0.037,550.59,9.98,10.11,91.72,345.14
2023-04-01,North,36.89,28.7,0.393,0.084,560.65,10.52,10.27,93.96,352.54
2023-04-01,South,30.94,29.47,0.382,0.076,546.43,9.93,9.98,92.97,348.49
2023-04-01,East,30.78,29.65,0.361,0.052,554.48,10.03,9.98,92.19,341.8
2023-04-01,West,33.95,29.0,0.374,0.074,544.2,10.22,10.13,92.78,348.62
2023-04-01,Central,33.42,28.81,0.373,0.062,556.23,10.11,10.06,92.06,345.13
2023-04-02,North,34.87,28.9,0.402,0.05,563.6,10.33,10.21,93.57,353.94
2023-04-02,South,30.61,29.66,0.401,0.065,548.94,10.09,10.11,92.82,348.24
2023-04-02,East,28.23,29.77,0.375,0.062,556.58,10.21,9.99,91.69,341.82
2023-04-02,West,33.74,29.24,0.399,0.063,546.27,10.18,10.24,92.25,348.74
2023-04-02,Central,33.07,28.85,0.379,0.081,551.76,9.93,9.86,92.4,344.94
2023-04-03,North,33.69,28.91,0.405,0.097,558.62,10.43,10.3,93.71,353.41
2023-04-03,South,30.56,29.42,0.375,0.061,545.01,9.99,9.91,92.85,349.13
2023-04-03,East,26.77,29.59,0.365,0.081,556.88,10.12,9.71,91.49,342.66
2023-04-03,West,31.83,29.07,0.368,0.081,546.46,10.21,10.11,92.56,348.86
2023-04-03,Central,32.73,28.94,0.372,0.099,550.85,9.84,10.0,91.84,345.39
2023-04-04,North,37.57,28.47,0.392,0.081,555.72,10.37,10.29,93.48,355.49
2023-04-04,South,33.38,29.2,0.388,0.073,547.08,9.87,10.15,92.53,351.13
2023-04-04,East,30.24,29.41,0.368,0.057,555.05,10.34,9.9,91.21,344.28
2023-04-04,West,35.65,28.8,0.361,0.076,545.9,10.29,10.15,92.67,349.45
2023-04-04,Central,35.41,28.72,0.366,0.099,549.84,9.85,9.78,91.99,347.54
2023-04-05,North,36.06,28.28,0.414,0.064,561.37,10.23,9.94,93.72,351.73
2023-04-05,South,29.85,29.11,0.405,0.073,547.93,9.92,10.2,93.01,347.75
2023-04-05,East,28.17,29.3,0.352,0.056,550.11,10.08,9.93,91.75,340.82
2023-04-05,West,32.86,28.58,0.395,0.067,545.62,10.3,10.21,92.6,348.08
2023-04-05,Central,32.8,28.53,0.37,0.074,555.52,9.74,10.09,92.18,344.8
2023-04-06,North,30.64,28.53,0.389,0.046,559.79,10.31,9.99,94.08,350.97
2023-04-06,South,27.03,29.13,0.394,0.039,549.86,10.26,9.79,92.76,348.83
2023-04-06,East,24.11,29.28,0.348,0.053,550.49,10.22,9.69,91.23,340.27
2023-04-06,West,28.36,28.68,0.364,0.032,544.9,10.06,10.2,92.32,345.34
2023-04-06,Central,30.68,28.59,0.359,0.023,553.21,9.71,9.83,92.12,344.95
2023-04-07,North,32.75,28.49,0.41,0.06,562.85,9.89,10.22,93.59,353.19
2023-04-07,South,29.04,29.26,0.394,0.079,545.73,9.8,9.98,92.79,348.68
2023-04-07,East,26.57,29.45,0.351,0.059,550.56,9.87,9.74,91.51,341.76
2023-04-07,West,30.52,28.78,0.392,0.07,544.62,10.27,10.04,92.5,347.88
2023-04-07,Central,32.19,28.75,0.363,0.054,558.23,9.71,9.76,92.03,344.89
2023-04-08,North,30.57,28.39,0.408,0.096,558.66,10.15,9.88,94.01,353.42
2023-04-08,South,27.46,29.07,0.406,0.112,546.78,9.91,9.84,92.95,350.42
2023-04-08,East,23.66,29.38,0.358,0.103,554.4,9.82,9.61,91.64,343.71
2023-04-08,West,29.35,28.87,0.382,0.122,545.22,10.1,9.95,92.45,348.92
2023-04-08,Central,30.87,28.8,0.374,0.105,550.46,9.54,9.73,92.29,346.95
2023-04-09,North,30.85,28.64,0.399,0.062,561.11,10.16,10.12,93.21,352.82
2023-04-09,South,26.62,29.42,0.391,0.074,548.91,9.75,9.85,92.85,349.12
2023-04-09,East,22.68,29.56,0.35,0.064,554.92,10.15,9.67,91.55,341.51
2023-04-09,West,30.8,28.97,0.393,0.056,546.13,10.09,10.11,92.01,348.89
2023-04-09,Central,27.67,28.7,0.394,0.056,554.48,9.73,9.54,91.78,347.04
2023-04-10,North,30.46,28.26,0.403,0.068,558.09,10.11,10.04,93.76,351.34
2023-04-10,South,24.48,29.14,0.411,0.065,552.66,9.8,9.87,92.99,346.93
2023-04-10,East,20.98,29.32,0.356,0.036,553.42,9.99,9.71,91.51,339.45
2023-04-10,West,26.35,28.51,0.401,0.063,544.9,10.17,10.06,92.29,346.92
2023-04-10,Central,27.97,28.59,0.385,0.058,551.98,9.82,9.71,91.57,344.31
2023-04-11,North,29.32,28.58,0.409,0.08,558.35,10.05,9.92,93.79,350.89
2023-04-11,South,25.57,29.17,0.405,0.066,547.59,9.82,9.75,92.67,346.19
2023-04-11,East,21.97,29.35,0.353,0.065,553.58,10.02,9.56,91.63,340.83
2023-04-11,West,28.44,28.72,0.388,0.085,547.91,9.98,10.01,92.5,346.3
2023-04-11,Central,28.48,28.65,0.376,0.076,551.67,9.78,9.85,92.4,344.0
2023-04-12,North,26.73,28.81,0.396,0.05,557.66,10.16,10.04,93.79,349.67
2023-04-12,South,23.12,29.38,0.396,0.061,547.69,9.87,9.99,92.71,345.69
2023-04-12,East,20.2,29.6,0.348,0.034,554.33,10.23,9.67,91.67,339.26
2023-04-12,West,24.57,29.1,0.394,0.066,549.38,10.26,10.05,92.53,345.03
2023-04-12,Central,26.36,28.73,0.372,0.056,553.22,9.66,10.01,92.07,341.94
2023-04-13,North,24.69,28.51,0.408,0.063,557.75,10.1,9.87,93.6,349.11
2023-04-13,South,23.07,29.21,0.385,0.072,547.44,10.07,9.83,92.94,346.51
2023-04-13,East,18.97,29.54,0.372,0.052,551.53,9.72,9.72,91.68,338.73
2023-04-13,West,24.36,28.82,0.392,0.038,545.14,9.96,10.07,92.19,345.48
2023-04-13,Central,26.35,28.78,0.382,0.067,552.59,9.94,9.6,91.96,344.44
2023-04-14,North,26.65,28.44,0.377,0.096,562.25,10.23,9.86,93.7,350.8
2023-04-14,South,23.69,29.3,0.395,0.093,548.81,10.11,9.55,92.69,346.63
2023-04-14,East,20.67,29.47,0.358,0.066,554.71,9.86,9.53,91.44,340.14
2023-04-14,West,27.04,29.01,0.362,0.061,543.64,9.96,10.01,92.15,345.96
2023-04-14,Central,26.73,28.93,0.375,0.056,553.92,9.75,9.64,91.92,343.36
2023-04-15,North,26.17,28.52,0.391,0.108,560.09,10.14,9.98,93.75,350.3
2023-04-15,South,22.67,29.17,0.386,0.083,545.48,9.91,9.75,92.5,346.21
2023-04-15,East,18.58,29.43,0.351,0.062,553.62,10.1,9.76,91.44,340.31
2023-04-15,West,20.51,28.81,0.405,0.086,546.68,10.05,10.0,92.4,345.34
2023-04-15,Central,24.39,28.68,0.372,0.062,551.84,9.87,9.57,91.87,342.2
2023-04-16,North,23.0,28.36,0.4,0.077,560.15,10.11,9.92,93.97,349.28
2023-04-16,South,21.55,29.25,0.394,0.085,544.29,9.82,9.76,92.37,345.88
2023-04-16,East,18.54,29.16,0.355,0.068,553.48,9.97,9.7,91.6,339.39
2023-04-16,West,22.04,28.66,0.388,0.083,546.71,9.92,10.2,92.51,344.08
2023-04-16,Central,22.19,28.75,0.367,0.095,555.28,9.76,9.65,91.67,341.96
2023-04-17,North,23.45,28.41,0.389,0.138,558.03,10.18,9.81,93.64,349.48
2023-04-17,South,20.85,29.18,0.377,0.124,549.12,9.82,9.51,93.1,344.93
2023-04-17,East,15.44,29.25,0.352,0.097,550.28,9.97,9.62,91.79,338.34
2023-04-17,West,22.33,28.76,0.361,0.111,548.13,10.03,9.91,92.57,345.99
2023-04-17,Central,22.65,28.66,0.364,0.094,552.15,9.63,9.47,91.77,341.73
2023-04-18,North,20.55,28.5,0.381,0.174,559.18,10.14,9.96,93.32,349.29
2023-04-18,South,18.21,29.4,0.358,0.149,546.2,9.66,9.98,92.96,345.49
2023-04-18,East,13.18,29.64,0.34,0.142,553.85,9.95,9.81,92.04,338.14
2023-04-18,West,20.69,29.06,0.359,0.132,544.85,9.85,9.79,92.68,344.03
2023-04-18,Central,20.75,28.93,0.359,0.131,549.31,9.48,9.67,92.67,341.48
2023-04-19,North,20.58,28.95,0.407,0.166,559.15,10.17,9.94,94.27,348.47
2023-04-19,South,16.71,29.63,0.404,0.141,548.67,9.92,9.48,92.81,344.62
2023-04-19,East,14.32,29.88,0.357,0.142,556.79,9.79,9.5,91.99,337.66
2023-04-19,West,19.32,29.32,0.386,0.134,542.91,10.16,9.96,92.69,344.08
2023-04-19,Central,18.47,29.12,0.365,0.133,550.53,9.7,9.79,92.3,340.63
2023-04-20,North,20.22,28.9,0.393,0.123,559.32,10.06,9.75,94.08,349.08
2023-04-20,South,18.1,29.76,0.379,0.119,548.57,9.96,9.77,92.97,345.15
2023-04-20,East,15.42,29.81,0.354,0.115,550.51,9.98,9.4,91.78,337.76
2023-04-20,West,20.0,29.15,0.371,0.093,545.48,9.94,10.02,92.39,345.52
2023-04-20,Central,20.22,29.16,0.357,0.109,551.51,9.59,9.55,92.04,341.98
2023-04-21,North,20.6,29.15,0.374,0.098,559.39,9.92,9.85,93.73,348.59
2023-04-21,South,17.37,29.88,0.356,0.117,542.77,9.9,9.63,92.98,345.68
2023-04-21,East,13.68,30.0,0.34,0.072,552.1,9.82,9.4,91.45,338.51
2023-04-21,West,18.86,29.49,0.357,0.092,542.25,9.85,9.96,92.62,343.64
2023-04-21,Central,18.94,29.42,0.341,0.09,550.22,9.59,9.56,92.18,340.49
2023-04-22,North,21.65,29.14,0.355,0.113,556.96,10.3,9.91,93.49,350.07
2023-04-22,South,16.64,29.79,0.339,0.093,546.5,9.71,9.68,92.89,344.96
2023-04-22,East,13.19,29.95,0.335,0.107,555.5,10.07,9.45,91.71,337.61
2023-04-22,West,19.53,29.51,0.318,0.115,543.95,9.92,9.75,92.49,344.15
2023-04-22,Central,19.05,29.23,0.327,0.11,553.05,9.72,9.6,92.14,342.15
2023-04-23,North,23.16,29.41,0.37,0.089,557.61,10.08,9.85,93.19,349.86
2023-04-23,South,16.7,30.0,0.357,0.074,548.46,9.61,9.72,92.72,344.54
2023-04-23,East,13.89,30.25,0.326,0.063,551.96,9.63,9.68,91.09,338.9
2023-04-23,West,20.01,29.61,0.352,0.087,545.64,9.8,9.79,92.15,344.13
2023-04-23,Central,19.65,29.43,0.303,0.067,550.8,9.55,9.48,91.86,341.89
2023-04-24,North,20.31,29.38,0.339,0.08,562.02,10.09,9.73,93.62,346.43
2023-04-24,South,16.45,29.93,0.331,0.069,548.51,9.52,9.53,92.32,342.06
2023-04-24,East,12.22,30.19,0.316,0.062,550.84,9.63,9.43,91.09,335.19
2023-04-24,West,16.55,29.8,0.319,0.065,544.93,9.7,9.79,92.08,342.07
2023-04-24,Central,20.13,29.54,0.288,0.058,555.43,9.76,9.32,91.77,338.58
2023-04-25,North,23.05,29.26,0.34,0.056,556.77,10.02,9.65,93.27,346.35
2023-04-25,South,16.55,29.96,0.317,0.078,547.89,9.64,9.72,92.65,342.31
2023-04-25,East,15.84,30.17,0.306,0.036,554.69,10.03,9.56,91.05,335.74
2023-04-25,West,20.01,29.73,0.316,0.092,543.28,9.91,9.8,91.88,340.97
2023-04-25,Central,19.58,29.57,0.293,0.055,549.84,9.61,9.6,91.82,338.89
2023-04-26,North,23.3,29.27,0.288,0.06,556.28,10.26,9.68,92.85,346.74
2023-04-26,South,18.77,29.92,0.291,0.057,549.27,9.38,9.66,92.11,341.41
2023-04-26,East,15.91,30.08,0.273,0.052,555.44,9.8,9.48,90.61,334.5
2023-04-26,West,20.17,29.6,0.269,0.051,547.71,9.91,9.6,91.4,341.67
2023-04-26,Central,22.52,29.46,0.265,0.044,552.57,9.74,9.51,91.2,338.64
2023-04-27,North,23.6,29.73,0.289,0.081,556.47,10.08,9.99,92.67,346.38
2023-04-27,South,18.83,30.35,0.285,0.028,545.52,9.74,9.71,92.29,342.56
2023-04-27,East,14.91,30.53,0.265,0.038,554.28,9.63,9.55,91.24,334.9
2023-04-27,West,19.84,30.04,0.273,0.057,543.59,9.93,9.79,91.75,341.21
2023-04-27,Central,21.34,29.92,0.267,0.057,550.58,9.65,9.52,91.43,338.16
2023-04-28,North,22.88,29.67,0.299,0.117,558.18,10.03,9.5,92.95,346.24
2023-04-28,South,19.08,30.36,0.285,0.104,548.25,9.71,9.39,92.36,341.34
2023-04-28,East,16.63,30.51,0.242,0.086,552.48,9.78,9.36,90.72,334.64
2023-04-28,West,20.84,29.94,0.269,0.084,544.31,9.81,9.77,91.85,341.9
2023-04-28,Central,20.98,29.98,0.242,0.077,548.89,9.39,9.36,91.37,337.98
2023-04-29,North,21.76,29.61,0.265,0.121,557.68,9.99,9.72,93.02,344.76
2023-04-29,South,17.9,30.37,0.272,0.081,546.13,9.7,9.57,91.81,340.07
2023-04-29,East,15.12,30.52,0.228,0.101,551.16,9.71,9.21,90.45,334.86
2023-04-29,West,20.87,29.83,0.239,0.08,542.95,9.93,9.7,91.28,341.08
2023-04-29,Central,21.61,29.82,0.245,0.076,552.26,9.56,9.45,91.3,337.17
2023-04-30,North,22.59,29.8,0.29,0.081,559.89,10.1,9.63,92.61,344.64
2023-04-30,South,18.21,30.35,0.27,0.062,549.53,9.75,9.51,91.98,340.71
2023-04-30,East,15.25,30.57,0.254,0.072,552.97,9.65,9.46,91.05,333.73
2023-04-30,West,20.45,30.13,0.253,0.066,543.25,9.93,9.81,91.63,340.09
2023-04-30,Central,20.87,30.01,0.259,0.065,547.24,9.32,9.57,91.01,337.1
2023-05-01,North,23.59,29.59,0.262,0.1,556.56,9.8,9.67,92.63,344.45
2023-05-01,South,21.53,30.26,0.264,0.085,548.76,9.59,9.4,91.77,339.1
2023-05-01,East,18.02,30.41,0.217,0.101,546.95,9.65,9.22,90.75,333.94
2023-05-01,West,21.38,29.84,0.239,0.094,543.08,9.78,9.69,91.38,338.62
2023-05-01,Central,22.49,29.65,0.233,0.087,549.53,9.69,9.23,91.16,336.42
2023-05-02,North,24.76,29.61,0.278,0.102,557.67,9.89,9.66,92.99,345.84
2023-05-02,South,22.45,30.14,0.279,0.08,546.38,9.61,9.42,91.9,340.37
2023-05-02,East,18.4,30.48,0.226,0.086,552.16,9.91,9.59,90.96,334.27
2023-05-02,West,22.42,29.8,0.274,0.063,541.72,9.78,9.68,91.37,341.5
2023-05-02,Central,22.69,29.6,0.25,0.076,550.38,9.72,9.56,91.25,337.48
2023-05-03,North,21.95,29.51,0.266,0.113,557.85,9.76,9.71,92.59,344.03
2023-05-03,South,18.7,30.24,0.243,0.131,548.58,9.66,9.54,92.02,339.03
2023-05-03,East,15.37,30.42,0.216,0.106,551.28,9.8,9.22,90.38,332.07
2023-05-03,West,20.32,29.71,0.248,0.103,546.29,9.78,9.79,91.22,338.92
2023-05-03,Central,21.06,29.65,0.242,0.114,549.41,9.29,9.35,90.67,336.67
2023-05-04,North,22.59,29.52,0.298,0.096,557.35,9.96,9.55,92.57,343.06
2023-05-04,South,17.9,30.18,0.277,0.117,544.94,9.64,9.53,91.77,339.19
2023-05-04,East,16.92,30.35,0.273,0.106,551.48,9.6,9.35,90.34,333.47
2023-05-04,West,20.86,29.66,0.252,0.116,545.68,10.09,9.64,91.2,339.68
2023-05-04,Central,20.92,29.72,0.257,0.107,548.93,9.39,9.17,91.42,337.01
2023-05-05,North,23.42,29.51,0.316,0.09,557.15,9.93,9.44,92.45,345.04
2023-05-05,South,19.04,30.1,0.282,0.11,548.88,9.49,9.59,91.7,341.09
2023-05-05,East,16.03,30.26,0.275,0.071,549.27,9.64,8.95,90.38,334.71
2023-05-05,West,22.38,29.79,0.285,0.114,542.06,9.78,9.62,91.21,340.58
2023-05-05,Central,21.92,29.66,0.275,0.061,550.36,9.38,9.3,90.6,338.28
2023-05-06,North,20.47,29.38,0.296,0.05,556.52,9.99,9.43,92.23,344.13
2023-05-06,South,18.74,30.2,0.283,0.04,547.07,9.7,9.36,91.49,341.07
2023-05-06,East,16.02,30.5,0.253,0.038,550.38,9.78,9.25,90.33,332.99
2023-05-06,West,21.52,29.77,0.281,0.053,544.36,9.74,9.52,91.06,340.29
2023-05-06,Central,21.54,29.7,0.265,0.048,549.72,9.6,9.24,90.76,337.28
2023-05-07,North,25.05,29.47,0.258,0.037,556.15,9.78,9.49,91.75,345.71
2023-05-07,South,20.81,30.03,0.276,0.02,541.31,9.42,9.43,91.07,341.76
2023-05-07,East,16.04,30.08,0.247,-0.002,549.45,9.49,9.47,89.73,334.88
2023-05-07,West,22.91,29.83,0.259,0.007,542.28,10.02,9.62,90.93,340.8
2023-05-07,Central,22.49,29.58,0.261,0.008,547.48,9.38,9.38,90.19,338.15
2023-05-08,North,22.57,29.63,0.306,-0.025,557.56,10.02,9.7,92.35,344.21
2023-05-08,South,17.18,30.19,0.294,-0.033,547.7,9.69,9.56,91.73,340.47
2023-05-08,East,15.63,30.22,0.229,-0.037,549.35,9.75,9.24,89.73,333.85
2023-05-08,West,20.1,29.82,0.291,-0.03,544.55,9.81,9.6,91.1,338.94
2023-05-08,Central,20.99,29.46,0.256,-0.018,545.69,9.53,9.39,90.4,337.52
2023-05-09,North,19.51,29.14,0.288,-0.009,553.29,9.81,9.5,91.76,343.54
2023-05-09,South,15.22,29.86,0.282,-0.003,540.24,9.39,9.14,90.96,339.38
2023-05-09,East,13.22,30.06,0.243,-0.035,549.99,9.6,9.16,90.03,333.01
2023-05-09,West,16.35,29.56,0.248,-0.029,543.79,9.86,9.67,90.72,339.33
2023-05-09,Central,19.42,29.31,0.274,-0.036,547.49,9.29,9.22,90.35,335.34
2023-05-10,North,20.52,29.13,0.283,-0.026,553.21,9.86,9.75,91.66,343.95
2023-05-10,South,14.76,29.94,0.278,-0.062,539.94,9.58,9.31,90.82,340.46
2023-05-10,East,11.47,30.14,0.246,-0.059,550.63,9.64,9.15,89.6,331.64
2023-05-10,West,17.93,29.51,0.254,-0.047,540.84,9.9,9.47,90.49,338.68
2023-05-10,Central,19.5,29.41,0.23,-0.043,551.06,9.46,9.25,90.26,336.43
2023-05-11,North,17.55,29.2,0.309,0.017,558.27,9.82,9.53,92.74,342.83
2023-05-11,South,11.89,29.73,0.271,-0.024,542.87,9.46,9.5,91.31,339.84
2023-05-11,East,9.96,29.95,0.257,-0.005,548.74,9.75,9.18,89.98,333.81
2023-05-11,West,13.54,29.4,0.269,0.001,542.76,9.7,9.53,90.84,339.5
2023-05-11,Central,15.26,29.19,0.276,-0.036,545.72,9.44,9.33,90.29,336.38
2023-05-12,North,14.85,28.86,0.295,-0.015,556.99,10.08,9.51,92.02,342.52
2023-05-12,South,14.33,29.48,0.272,-0.021,549.11,9.57,9.62,91.39,337.85
2023-05-12,East,10.54,29.51,0.251,-0.03,550.56,9.63,9.21,90.11,330.92
2023-05-12,West,14.38,29.2,0.262,-0.025,540.61,9.66,9.67,90.67,336.54
2023-05-12,Central,15.5,29.11,0.265,-0.026,546.23,9.22,9.19,90.25,334.74
2023-05-13,North,17.83,28.82,0.259,-0.008,556.91,9.93,9.4,92.25,342.29
2023-05-13,South,14.21,29.57,0.276,0.003,547.51,9.51,9.44,90.75,338.91
2023-05-13,East,12.07,29.78,0.241,-0.033,552.09,9.66,9.64,90.1,330.67
2023-05-13,West,16.12,29.09,0.276,-0.01,545.59,9.68,9.68,91.07,338.2
2023-05-13,Central,18.31,28.93,0.245,-0.036,544.55,9.34,9.15,90.01,334.47
2023-05-14,North,15.85,28.84,0.284,0.002,553.96,9.65,9.59,91.89,340.95
2023-05-14,South,11.22,29.55,0.287,-0.018,544.19,9.58,9.36,91.13,336.76
2023-05-14,East,8.45,29.66,0.253,-0.038,550.1,9.33,9.53,89.95,331.11
2023-05-14,West,12.48,29.11,0.267,-0.02,538.68,9.53,9.57,90.28,337.08
2023-05-14,Central,15.19,29.07,0.264,-0.042,550.51,9.23,9.45,90.5,333.92
2023-05-15,North,14.5,28.74,0.301,-0.037,556.53,9.65,9.39,91.76,340.84
2023-05-15,South,9.53,29.38,0.31,-0.026,542.12,9.54,9.43,90.99,336.68
2023-05-15,East,7.94,29.61,0.256,-0.022,546.89,9.4,9.22,89.6,329.41
2023-05-15,West,13.09,28.94,0.282,-0.054,541.01,9.94,9.49,90.36,335.88
2023-05-15,Central,12.85,29.05,0.27,-0.028,547.29,9.45,9.19,90.06,333.91
2023-05-16,North,13.82,28.84,0.305,-0.021,555.07,9.72,9.61,91.53,341.92
2023-05-16,South,8.83,29.59,0.294,-0.037,543.14,9.64,9.35,90.55,336.67
2023-05-16,East,7.01,29.77,0.267,-0.061,548.4,9.51,9.04,89.4,330.44
2023-05-16,West,10.82,29.09,0.297,-0.055,539.75,9.73,9.53,90.26,337.13
2023-05-16,Central,11.43,28.93,0.28,-0.049,543.74,9.6,9.22,89.94,333.68
2023-05-17,North,13.22,28.81,0.29,-0.046,558.43,9.79,9.49,91.67,339.2
2023-05-17,South,7.94,29.28,0.285,-0.064,537.98,9.5,9.49,90.53,335.41
2023-05-17,East,8.29,29.63,0.263,-0.077,547.57,9.63,9.33,89.46,330.12
2023-05-17,West,10.85,28.87,0.276,-0.057,538.13,9.65,9.62,90.07,336.72
2023-05-17,Central,12.96,28.93,0.287,-0.057,546.52,9.32,9.27,89.93,332.98
2023-05-18,North,13.22,28.46,0.281,-0.057,556.82,9.84,9.49,91.43,340.78
2023-05-18,South,10.42,29.28,0.269,-0.029,540.79,9.46,9.18,90.55,336.02
2023-05-18,East,7.15,29.43,0.218,-0.045,547.34,9.55,9.36,89.58,329.55
2023-05-18,West,12.82,28.99,0.258,-0.059,540.54,9.54,9.97,89.82,334.98
2023-05-18,Central,11.63,28.55,0.242,-0.028,543.87,9.51,9.31,89.5,332.99
2023-05-19,North,16.23,28.61,0.242,-0.014,554.59,9.73,9.65,90.62,342.09
2023-05-19,South,10.88,29.26,0.229,-0.012,545.12,9.62,9.34,90.37,337.54
2023-05-19,East,9.33,29.26,0.215,-0.03,546.63,9.71,9.34,89.34,331.07
2023-05-19,West,13.12,28.82,0.22,-0.01,542.53,9.62,9.58,89.93,336.01
2023-05-19,Central,15.74,28.66,0.231,-0.039,548.97,9.48,9.23,89.23,334.8
2023-05-20,North,17.25,28.46,0.26,-0.016,555.11,9.76,9.25,91.24,341.32
2023-05-20,South,13.71,29.22,0.27,-0.005,541.61,9.29,9.28,90.22,337.51
2023-05-20,East,10.35,29.3,0.223,-0.045,546.56,9.51,9.31,88.91,331.19
2023-05-20,West,15.97,28.66,0.234,-0.046,539.78,9.79,9.73,89.74,336.78
2023-05-20,Central,15.98,28.58,0.228,-0.039,544.23,9.45,9.38,88.73,334.84
2023-05-21,North,18.76,28.58,0.261,-0.015,553.15,9.73,9.56,90.84,342.96
2023-05-21,South,14.1,29.34,0.234,-0.033,543.09,9.51,9.48,90.28,337.66
2023-05-21,East,11.13,29.26,0.232,-0.028,548.13,9.65,9.23,88.92,331.56
2023-05-21,West,16.9,28.75,0.248,-0.026,536.83,9.66,9.56,89.68,337.1
2023-05-21,Central,18.68,28.73,0.225,-0.046,546.03,9.34,9.36,89.54,334.56
2023-05-22,North,17.79,28.37,0.258,-0.01,552.51,9.82,9.42,90.81,342.91
2023-05-22,South,13.48,29.05,0.229,-0.016,545.41,9.36,9.49,89.51,338.84
2023-05-22,East,11.36,29.21,0.216,-0.052,553.32,9.46,9.41,89.13,331.71
2023-05-22,West,16.81,28.6,0.217,-0.026,543.38,9.46,9.54,90.01,337.69
2023-05-22,Central,18.06,28.52,0.221,-0.06,542.3,9.58,9.38,89.4,334.6
2023-05-23,North,19.06,28.48,0.265,-0.003,550.54,9.87,9.6,90.66,342.13
2023-05-23,South,13.66,29.16,0.25,-0.013,541.06,9.5,9.51,89.79,337.22
2023-05-23,East,12.38,29.44,0.224,-0.04,545.42,9.57,9.55,88.55,330.7
2023-05-23,West,16.87,28.95,0.242,-0.021,538.85,9.77,9.45,89.6,337.26
2023-05-23,Central,17.91,28.64,0.238,-0.02,543.87,9.31,9.25,89.55,335.02
2023-05-24,North,17.36,28.52,0.259,-0.02,552.75,9.65,9.59,90.96,340.53
2023-05-24,South,13.85,29.16,0.241,-0.035,540.03,9.51,9.6,90.24,336.66
2023-05-24,East,11.57,29.39,0.202,-0.036,548.59,9.64,9.55,88.38,329.66
2023-05-24,West,14.76,28.76,0.236,-0.026,540.63,9.63,9.77,89.48,335.48
2023-05-24,Central,16.46,28.44,0.221,-0.038,544.15,9.25,9.25,88.69,333.66
2023-05-25,North,17.95,28.33,0.246,0.027,551.87,9.79,9.69,90.61,341.38
2023-05-25,South,14.83,29.05,0.234,0.018,540.64,9.38,9.42,89.66,337.84
2023-05-25,East,11.99,28.98,0.189,-0.008,546.92,9.47,9.45,88.51,329.61
2023-05-25,West,17.3,28.64,0.221,0.001,535.07,9.63,9.74,89.04,336.76
2023-05-25,Central,19.15,28.45,0.227,0.012,548.28,9.42,9.5,88.98,334.35
2023-05-26,North,16.4,28.1,0.253,-0.005,552.65,9.73,9.59,90.64,341.03
2023-05-26,South,12.02,28.76,0.238,-0.008,541.36,9.35,9.62,89.8,337.15
2023-05-26,East,10.03,28.83,0.202,-0.013,543.61,9.29,9.3,88.58,329.38
2023-05-26,West,14.7,28.33,0.211,0.002,540.27,9.59,9.68,89.35,335.47
2023-05-26,Central,16.19,28.31,0.222,-0.019,544.86,9.43,9.39,89.06,333.92
2023-05-27,North,19.57,28.08,0.24,0.035,552.18,9.79,9.53,90.69,343.54
2023-05-27,South,13.55,28.75,0.224,0.033,539.36,9.27,9.32,89.67,338.87
2023-05-27,East,12.41,28.88,0.194,0.006,546.74,9.31,9.58,88.58,331.88
2023-05-27,West,17.07,28.3,0.226,0.02,536.96,9.48,9.63,89.31,337.38
2023-05-27,Central,18.24,28.19,0.202,0.009,545.58,9.36,9.23,88.64,334.26
2023-05-28,North,21.41,28.01,0.272,0.031,555.25,9.71,9.72,90.33,341.09
2023-05-28,South,16.23,28.69,0.273,0.017,538.39,9.5,9.4,89.55,338.28
2023-05-28,East,14.71,28.84,0.229,0.007,548.93,9.44,9.49,88.39,330.71
2023-05-28,West,20.17,28.26,0.248,0.023,537.18,9.67,9.65,89.47,337.99
2023-05-28,Central,20.08,28.29,0.226,0.013,546.51,9.34,9.29,89.06,334.03
2023-05-29,North,19.98,28.01,0.243,0.037,555.5,9.71,9.96,90.47,341.01
2023-05-29,South,16.46,28.7,0.263,0.048,538.47,9.38,9.58,89.85,335.44
2023-05-29,East,13.44,28.8,0.24,0.009,546.49,9.71,9.4,88.28,330.36
2023-05-29,West,18.63,28.33,0.247,0.022,536.14,9.65,9.58,88.94,335.68
2023-05-29,Central,19.43,28.19,0.228,0.016,543.47,9.09,9.31,89.16,332.97
2023-05-30,North,19.43,28.08,0.273,0.035,547.07,9.61,9.67,90.51,341.16
2023-05-30,South,16.71,28.66,0.254,0.031,537.91,9.32,9.48,89.64,336.33
2023-05-30,East,12.17,28.88,0.235,0.028,542.81,9.53,9.41,88.45,329.75
2023-05-30,West,18.66,28.37,0.251,0.06,538.85,9.78,10.02,88.83,337.43
2023-05-30,Central,19.1,28.26,0.234,0.019,540.76,9.53,9.47,88.44,333.34
2023-05-31,North,21.38,27.89,0.295,0.068,550.59,9.77,9.58,90.55,342.45
2023-05-31,South,15.65,28.66,0.282,0.061,542.36,9.37,9.52,89.79,337.84
2023-05-31,East,14.67,28.95,0.253,0.045,543.29,9.61,9.32,88.32,332.07
2023-05-31,West,19.09,28.28,0.254,0.039,537.4,9.85,9.74,89.26,338.28
2023-05-31,Central,16.57,28.17,0.282,0.054,541.69,9.27,9.55,88.78,334.59
2023-06-01,North,14.67,28.33,0.273,0.023,553.42,9.69,9.56,90.01,339.41
2023-06-01,South,12.84,28.88,0.247,0.023,538.3,9.26,9.48,89.23,336.0
2023-06-01,East,8.8,29.03,0.231,0.001,545.48,9.48,9.47,88.15,328.58
2023-06-01,West,13.88,28.47,0.236,0.047,535.91,9.56,9.88,88.92,335.15
2023-06-01,Central,13.01,28.19,0.238,0.025,544.51,9.35,9.25,88.94,331.18
2023-06-02,North,16.17,28.1,0.292,0.047,549.86,9.67,9.63,90.12,341.4
2023-06-02,South,12.0,28.68,0.254,0.051,537.64,9.46,9.57,89.5,336.19
2023-06-02,East,9.05,28.86,0.225,0.045,543.52,9.41,9.2,88.06,328.16
2023-06-02,West,14.91,28.22,0.278,0.046,537.67,9.46,9.63,89.55,334.7
2023-06-02,Central,15.8,28.07,0.231,0.046,545.14,9.29,9.48,88.89,334.21
2023-06-03,North,16.38,28.07,0.277,0.106,551.1,9.63,9.61,90.3,339.94
2023-06-03,South,13.92,28.66,0.253,0.074,536.6,9.4,9.57,89.07,338.63
2023-06-03,East,8.37,28.64,0.237,0.072,542.28,9.35,9.52,88.19,329.19
2023-06-03,West,15.18,28.27,0.261,0.074,538.33,9.51,9.83,89.11,336.53
2023-06-03,Central,13.97,28.13,0.231,0.071,542.65,9.34,9.54,88.46,333.71
2023-06-04,North,17.99,27.7,0.264,0.071,548.12,9.55,9.55,89.9,339.81
2023-06-04,South,11.4,28.42,0.235,0.067,537.74,9.23,9.3,89.54,335.26
2023-06-04,East,10.01,28.69,0.215,0.054,543.61,9.53,9.6,88.31,328.17
2023-06-04,West,13.4,28.08,0.225,0.058,537.9,9.52,9.87,88.82,334.5
2023-06-04,Central,16.47,27.9,0.216,0.027,542.69,9.12,9.51,88.24,332.49
2023-06-05,North,18.13,27.58,0.243,0.048,550.65,9.61,9.67,89.9,340.13
2023-06-05,South,15.5,28.48,0.254,0.076,540.05,9.26,9.61,89.21,336.09
2023-06-05,East,10.94,28.71,0.229,0.04,541.87,9.38,9.63,87.93,328.89
2023-06-05,West,14.19,28.13,0.221,0.05,536.75,9.41,9.68,88.72,335.45
2023-06-05,Central,14.78,27.84,0.239,0.03,540.31,9.05,9.46,88.33,332.87
2023-06-06,North,17.01,28.02,0.214,0.052,547.78,9.54,9.86,89.49,338.87
2023-06-06,South,13.1,28.72,0.236,0.029,537.67,9.24,9.29,88.98,335.33
2023-06-06,East,10.6,28.78,0.187,0.032,542.1,9.42,9.52,87.65,329.16
2023-06-06,West,16.8,28.18,0.225,0.034,535.94,9.59,9.77,88.22,334.49
2023-06-06,Central,17.68,28.3,0.203,0.04,540.53,9.23,9.47,88.34,331.37
2023-06-07,North,17.38,27.88,0.239,0.04,549.81,9.61,9.69,89.73,338.31
2023-06-07,South,13.12,28.66,0.221,0.033,537.94,9.43,9.9,89.31,334.23
2023-06-07,East,8.65,28.87,0.223,-0.002,543.39,9.42,9.49,87.79,328.61
2023-06-07,West,14.45,28.25,0.238,0.021,536.98,9.36,9.68,88.92,334.17
2023-06-07,Central,14.95,28.28,0.218,0.015,542.21,9.31,9.53,88.21,331.16
2023-06-08,North,17.04,27.51,0.226,0.055,550.01,9.72,9.56,90.22,337.63
2023-06-08,South,13.4,28.27,0.234,0.074,537.72,9.37,9.78,89.44,334.71
2023-06-08,East,8.71,28.45,0.211,0.048,539.63,9.48,9.6,87.85,327.42
2023-06-08,West,15.11,27.91,0.242,0.086,535.54,9.43,9.62,88.49,333.41
2023-06-08,Central,15.36,27.86,0.228,0.038,541.12,9.32,9.5,88.51,330.62
2023-06-09,North,17.66,27.31,0.259,0.042,549.81,9.58,9.75,89.82,338.34
2023-06-09,South,13.27,28.1,0.237,0.017,535.08,9.36,9.67,88.88,334.43
2023-06-09,East,9.71,28.43,0.204,0.026,541.93,9.38,9.69,87.67,327.39
2023-06-09,West,18.08,27.73,0.233,0.036,534.39,9.56,9.85,88.75,333.61
2023-06-09,Central,15.48,27.65,0.217,-0.003,540.63,9.13,9.84,88.1,331.4
2023-06-10,North,17.42,27.43,0.216,0.009,549.85,9.88,9.64,89.71,336.87
2023-06-10,South,15.18,28.01,0.205,-0.014,536.99,9.35,9.64,88.7,333.51
2023-06-10,East,11.02,28.13,0.18,0.007,542.22,9.38,9.56,87.13,326.55
2023-06-10,West,15.69,27.62,0.201,0.017,534.05,9.4,9.69,88.29,332.03
2023-06-10,Central,16.36,27.43,0.205,0.007,537.02,9.21,9.64,88.08,330.8
2023-06-11,North,17.36,27.2,0.2,0.043,541.83,9.57,9.6,89.4,338.85
2023-06-11,South,13.06,28.07,0.192,0.023,538.86,9.03,9.66,88.58,332.75
2023-06-11,East,9.75,28.33,0.154,0.038,541.07,9.38,9.54,87.38,326.34
2023-06-11,West,14.9,27.54,0.187,0.022,533.33,9.58,9.85,88.2,333.85
2023-06-11,Central,16.67,27.53,0.165,0.022,540.85,9.13,9.61,87.74,330.02
2023-06-12,North,20.14,27.17,0.214,0.063,547.04,9.5,10.0,89.5,338.41
2023-06-12,South,16.03,27.97,0.194,0.039,535.37,9.33,9.86,88.8,334.42
2023-06-12,East,12.5,28.03,0.154,0.038,540.57,9.37,9.54,87.57,327.31
2023-06-12,West,18.0,27.56,0.195,0.033,536.34,9.63,9.93,88.03,333.89
2023-06-12,Central,20.17,27.42,0.198,0.038,536.49,9.13,9.6,87.52,331.01
2023-06-13,North,18.78,27.32,0.224,0.081,545.9,9.42,9.88,89.23,337.56
2023-06-13,South,13.82,27.95,0.208,0.075,538.63,9.15,9.89,88.48,333.4
2023-06-13,East,12.23,28.24,0.181,0.073,540.09,9.6,9.72,86.57,327.14
2023-06-13,West,16.05,27.57,0.197,0.075,532.21,9.66,9.79,87.76,332.39
2023-06-13,Central,17.66,27.54,0.173,0.059,538.55,9.05,9.74,88.03,330.0
2023-06-14,North,18.95,27.31,0.182,0.087,545.52,9.58,9.97,89.02,337.16
2023-06-14,South,14.32,27.84,0.162,0.054,533.13,9.21,9.99,87.85,333.49
2023-06-14,East,13.61,28.14,0.114,0.034,540.37,9.4,9.8,87.07,326.53
2023-06-14,West,16.7,27.61,0.144,0.066,533.75,9.67,10.03,87.92,331.31
2023-06-14,Central,18.25,27.49,0.144,0.067,539.49,9.03,9.73,87.51,329.94
2023-06-15,North,21.72,27.4,0.187,0.072,546.31,9.31,9.9,88.83,338.77
2023-06-15,South,16.17,28.17,0.179,0.06,535.84,9.39,9.67,88.08,332.74
2023-06-15,East,14.13,28.43,0.146,0.037,540.96,9.5,9.66,86.91,327.61
2023-06-15,West,18.41,27.56,0.172,0.064,535.72,9.33,10.11,87.94,333.67
2023-06-15,Central,19.56,27.47,0.158,0.041,533.66,9.15,9.58,87.3,331.13
2023-06-16,North,18.1,27.4,0.188,0.038,547.5,9.51,9.83,89.14,337.13
2023-06-16,South,15.85,28.1,0.199,0.048,533.18,9.38,9.83,87.92,332.47
2023-06-16,East,12.16,28.28,0.162,0.027,540.82,9.35,9.74,86.47,326.47
2023-06-16,West,18.15,27.69,0.168,0.043,531.73,9.68,10.19,87.86,332.26
2023-06-16,Central,17.09,27.54,0.148,0.029,537.18,9.22,9.74,86.99,330.12
2023-06-17,North,19.8,27.27,0.163,0.026,544.57,9.6,9.93,88.88,336.38
2023-06-17,South,17.68,27.91,0.163,0.046,533.78,9.35,9.95,87.43,333.2
2023-06-17,East,11.71,28.1,0.128,0.009,538.31,9.23,9.83,86.48,324.78
2023-06-17,West,18.61,27.65,0.139,0.045,532.31,9.31,10.09,87.31,331.84
2023-06-17,Central,18.34,27.48,0.14,0.008,538.83,9.11,9.79,87.29,328.2
2023-06-18,North,18.4,27.39,0.185,-0.024,544.95,9.55,9.86,88.1,334.05
2023-06-18,South,14.46,28.18,0.164,-0.018,534.05,9.32,9.83,88.17,331.79
2023-06-18,East,11.1,28.27,0.152,-0.041,541.02,9.39,9.62,86.34,324.31
2023-06-18,West,15.62,27.5,0.164,-0.004,535.45,9.51,9.68,87.11,332.26
2023-06-18,Central,15.08,27.55,0.182,-0.036,538.17,9.03,10.03,86.6,326.98
2023-06-19,North,17.75,27.24,0.181,0.015,545.05,9.43,9.89,88.3,335.33
2023-06-19,South,14.44,27.92,0.173,-0.019,534.29,9.26,9.94,87.74,330.2
2023-06-19,East,12.45,28.05,0.139,-0.016,536.26,9.43,9.62,86.17,324.01
2023-06-19,West,15.71,27.49,0.153,-0.015,531.2,9.49,10.04,87.04,330.4
2023-06-19,Central,17.92,27.44,0.133,-0.0,539.43,9.25,9.49,86.83,328.49
2023-06-20,North,19.93,27.18,0.143,0.01,545.82,9.58,10.03,88.2,334.62
2023-06-20,South,11.42,27.96,0.164,0.002,534.47,9.37,10.35,87.91,329.35
2023-06-20,East,7.88,28.29,0.12,-0.009,537.72,9.4,9.79,86.55,322.97
2023-06-20,West,16.92,27.51,0.154,-0.004,532.31,9.69,9.94,86.92,329.83
2023-06-20,Central,17.19,27.43,0.127,-0.018,533.75,9.05,9.73,86.21,327.19
2023-06-21,North,17.49,27.15,0.186,-0.015,546.07,9.76,10.15,88.41,335.69
2023-06-21,South,14.64,27.99,0.16,-0.014,535.37,9.57,9.89,87.53,331.03
2023-06-21,East,9.87,28.02,0.132,-0.017,538.07,9.36,9.82,86.01,324.33
2023-06-21,West,14.85,27.56,0.153,-0.014,532.35,9.46,10.18,87.1,330.14
2023-06-21,Central,17.4,27.46,0.14,-0.01,535.33,8.94,9.83,86.34,327.49
2023-06-22,North,20.31,27.15,0.188,-0.002,544.38,9.57,10.2,88.81,336.68
2023-06-22,South,17.21,28.0,0.191,-0.032,527.3,9.01,9.88,87.5,332.75
2023-06-22,East,14.47,28.09,0.158,-0.044,538.65,9.46,10.11,86.01,326.96
2023-06-22,West,21.05,27.49,0.168,-0.01,531.28,9.64,10.32,86.65,332.24
2023-06-22,Central,20.05,27.59,0.172,-0.035,535.22,9.07,9.97,86.62,330.07
2023-06-23,North,19.75,27.33,0.216,-0.057,544.3,9.71,10.27,88.17,337.89
2023-06-23,South,14.57,28.16,0.197,-0.033,531.91,9.27,9.93,87.37,332.49
2023-06-23,East,10.61,28.44,0.175,-0.05,537.11,9.26,9.7,86.08,326.11
2023-06-23,West,15.77,27.75,0.213,-0.039,524.3,9.48,10.12,86.53,333.39
2023-06-23,Central,18.56,27.69,0.187,-0.037,532.22,9.18,10.03,86.66,329.3
2023-06-24,North,16.91,27.34,0.219,-0.023,541.31,9.6,10.02,87.87,336.55
2023-06-24,South,13.63,27.91,0.192,-0.036,534.39,9.21,9.92,87.49,333.08
2023-06-24,East,11.84,28.24,0.172,-0.034,537.06,9.39,10.02,85.63,325.2
2023-06-24,West,15.05,27.59,0.199,-0.022,530.16,9.41,10.36,86.87,331.47
2023-06-24,Central,17.59,27.53,0.189,-0.04,538.57,9.21,9.76,86.09,329.63
2023-06-25,North,16.99,27.66,0.226,-0.032,542.72,9.35,10.04,88.29,334.78
2023-06-25,South,12.09,28.24,0.212,-0.049,531.55,9.27,9.93,87.46,330.11
2023-06-25,East,9.64,28.5,0.195,-0.053,537.53,9.4,10.18,86.0,323.67
2023-06-25,West,12.82,27.87,0.201,-0.038,530.74,9.64,10.32,86.98,330.04
2023-06-25,Central,15.33,27.79,0.189,-0.083,537.9,9.13,9.8,86.43,328.11
2023-06-26,North,20.21,27.51,0.248,-0.02,541.8,9.35,10.23,87.84,335.7
2023-06-26,South,16.35,28.2,0.226,-0.056,531.64,9.25,10.09,87.3,331.17
2023-06-26,East,11.96,28.35,0.171,-0.048,537.43,9.31,10.05,85.88,324.14
2023-06-26,West,17.58,27.69,0.216,-0.023,529.0,9.56,10.42,86.53,330.77
2023-06-26,Central,19.95,27.72,0.189,-0.041,533.86,9.2,10.1,86.66,328.54
2023-06-27,North,19.29,27.24,0.213,0.018,541.52,9.44,9.71,87.55,334.56
2023-06-27,South,16.09,28.0,0.199,0.033,529.5,9.02,9.96,87.43,330.42
2023-06-27,East,12.21,28.3,0.158,-0.03,535.38,9.35,10.08,85.9,324.83
2023-06-27,West,17.93,27.61,0.183,-0.008,529.86,9.42,10.47,86.49,329.85
2023-06-27,Central,19.02,27.42,0.16,-0.004,531.71,9.03,9.88,86.36,327.19
2023-06-28,North,20.67,27.3,0.202,0.013,539.51,9.52,10.19,88.03,334.37
2023-06-28,South,16.49,28.09,0.185,0.001,528.69,9.27,10.14,87.07,330.46
2023-06-28,East,13.18,28.31,0.172,0.036,532.09,9.56,9.69,85.58,323.33
2023-06-28,West,18.02,27.48,0.188,0.036,530.13,9.47,10.43,86.86,329.47
2023-06-28,Central,18.6,27.52,0.167,0.027,530.71,9.13,9.72,86.25,326.58
2023-06-29,North,19.83,27.2,0.192,0.002,540.15,9.48,10.16,87.6,333.59
2023-06-29,South,14.44,27.89,0.168,0.019,529.51,9.13,10.12,86.98,329.94
2023-06-29,East,12.57,28.0,0.15,-0.015,535.47,9.24,9.96,85.47,323.89
2023-06-29,West,21.01,27.44,0.171,-0.029,529.08,9.58,10.38,86.45,329.35
2023-06-29,Central,16.94,27.33,0.172,-0.018,535.67,9.09,10.02,86.31,326.95
2023-06-30,North,17.45,27.12,0.182,-0.004,539.64,9.56,10.27,87.5,333.38
2023-06-30,South,14.66,27.83,0.19,-0.02,533.88,9.42,10.4,87.09,329.79
2023-06-30,East,11.11,27.91,0.157,-0.032,534.95,9.25,10.09,85.26,322.97
2023-06-30,West,17.06,27.36,0.16,-0.032,529.1,9.44,10.12,86.38,329.44
2023-06-30,Central,17.53,27.17,0.166,-0.054,533.88,9.27,10.16,86.08,326.2
2023-07-01,North,19.68,27.17,0.178,-0.0,541.58,9.73,10.42,87.28,335.41
2023-07-01,South,15.66,27.81,0.174,0.01,528.46,9.45,10.0,86.49,331.54
2023-07-01,East,11.77,27.9,0.152,-0.047,536.91,9.53,10.26,85.41,323.84
2023-07-01,West,17.69,27.36,0.168,-0.021,530.87,9.42,10.55,86.24,330.46
2023-07-01,Central,18.89,27.33,0.155,-0.014,534.08,9.35,10.08,85.61,327.46
2023-07-02,North,22.08,27.33,0.179,-0.01,539.14,9.65,10.39,87.02,337.78
2023-07-02,South,19.11,27.75,0.196,-0.031,530.06,9.44,9.89,86.28,333.42
2023-07-02,East,16.82,28.02,0.152,-0.026,532.76,9.44,10.13,84.76,325.98
2023-07-02,West,21.96,27.33,0.175,-0.017,528.47,9.47,10.49,85.89,332.79
2023-07-02,Central,21.51,27.24,0.161,-0.017,531.81,9.23,10.14,85.04,331.09
2023-07-03,North,25.17,26.94,0.2,-0.04,538.5,9.49,10.22,86.66,339.23
2023-07-03,South,21.06,27.7,0.17,-0.047,527.53,9.21,10.26,85.92,334.08
2023-07-03,East,20.27,27.89,0.17,-0.059,535.48,9.24,10.05,84.88,326.55
2023-07-03,West,23.51,27.4,0.157,-0.045,529.92,9.41,10.46,85.77,334.1
2023-07-03,Central,25.22,27.16,0.16,-0.088,533.75,8.97,10.14,85.58,331.1
2023-07-04,North,25.17,27.06,0.152,-0.045,534.98,9.69,10.45,86.72,336.13
2023-07-04,South,21.6,27.89,0.149,-0.04,529.01,8.99,10.36,86.13,333.29
2023-07-04,East,16.96,28.14,0.096,-0.054,535.89,9.49,10.18,84.72,326.46
2023-07-04,West,23.89,27.41,0.113,-0.037,525.5,9.56,10.43,85.91,332.35
2023-07-04,Central,23.1,27.42,0.105,-0.048,532.4,9.06,10.08,85.11,329.93
2023-07-05,North,25.59,27.25,0.125,-0.027,541.05,9.67,10.39,86.6,336.2
2023-07-05,South,21.74,27.96,0.12,-0.058,527.25,9.22,10.31,85.76,332.15
2023-07-05,East,20.16,28.16,0.097,-0.071,531.99,9.57,10.34,84.75,325.99
2023-07-05,West,23.54,27.61,0.127,-0.032,528.05,9.38,10.43,85.33,332.31
2023-07-05,Central,25.11,27.48,0.114,-0.065,533.12,9.09,10.12,84.89,329.15
2023-07-06,North,23.27,27.38,0.128,0.003,540.65,9.64,10.51,86.67,336.52
2023-07-06,South,21.25,28.08,0.152,-0.005,527.49,9.26,10.26,85.73,332.84
2023-07-06,East,18.18,28.22,0.121,-0.018,536.35,9.34,10.11,84.78,325.41
2023-07-06,West,22.75,27.73,0.122,-0.011,524.28,9.58,10.47,85.46,332.21
2023-07-06,Central,23.82,27.57,0.121,-0.008,530.65,9.02,10.12,84.95,329.58
2023-07-07,North,22.62,27.26,0.154,-0.01,536.86,9.47,10.26,86.52,334.67
2023-07-07,South,18.49,28.17,0.153,-0.006,525.87,9.46,10.28,85.44,330.9
2023-07-07,East,14.98,28.17,0.106,-0.016,534.6,9.32,10.17,84.72,323.21
2023-07-07,West,20.55,27.7,0.122,-0.016,525.89,9.61,10.37,85.35,330.87
2023-07-07,Central,20.81,27.67,0.12,-0.012,531.65,9.32,10.35,84.69,326.43
2023-07-08,North,22.45,27.46,0.159,0.0,537.76,9.45,10.25,86.74,334.38
2023-07-08,South,21.38,28.36,0.136,-0.012,526.68,9.53,10.39,85.62,330.74
2023-07-08,East,17.45,28.48,0.109,0.012,534.52,9.41,10.05,84.2,323.9
2023-07-08,West,23.46,27.8,0.146,0.013,526.46,9.27,10.49,85.13,330.19
2023-07-08,Central,22.71,27.75,0.097,0.013,532.76,9.19,10.22,84.68,327.18
2023-07-09,North,25.49,27.3,0.188,0.001,538.7,9.88,10.62,86.45,335.36
2023-07-09,South,22.07,27.88,0.15,-0.029,527.49,9.36,10.59,85.74,332.25
2023-07-09,East,19.94,27.96,0.118,-0.027,531.94,9.33,10.09,84.24,324.73
2023-07-09,West,25.23,27.46,0.144,-0.029,526.32,9.5,10.81,85.52,330.17
2023-07-09,Central,25.78,27.48,0.154,-0.028,532.22,9.11,10.3,84.68,327.98
2023-07-10,North,27.83,27.19,0.155,-0.023,532.22,9.46,10.29,86.6,335.94
2023-07-10,South,24.1,27.83,0.166,-0.03,528.29,9.23,10.49,85.52,332.0
2023-07-10,East,22.34,27.9,0.118,-0.036,532.76,9.38,10.33,84.11,326.62
2023-07-10,West,26.74,27.4,0.143,-0.06,528.66,9.39,10.64,84.6,331.93
2023-07-10,Central,26.96,27.37,0.137,-0.05,531.43,9.0,10.26,85.14,327.86
2023-07-11,North,26.06,26.97,0.174,-0.018,535.47,9.56,10.52,86.23,335.64
2023-07-11,South,21.0,27.62,0.17,-0.009,522.86,9.41,10.46,85.27,331.59
2023-07-11,East,20.88,27.82,0.121,-0.013,533.68,9.21,10.51,84.49,324.97
2023-07-11,West,25.88,27.33,0.143,-0.018,523.49,9.56,10.59,84.9,331.85
2023-07-11,Central,26.19,27.15,0.145,-0.016,528.49,9.06,10.51,84.72,328.26
2023-07-12,North,26.54,26.98,0.179,0.033,535.05,9.39,10.68,86.36,335.58
2023-07-12,South,21.28,27.7,0.183,-0.009,529.83,9.17,10.62,86.12,330.57
2023-07-12,East,19.57,27.84,0.157,-0.016,532.09,9.35,10.39,84.5,324.03
2023-07-12,West,24.67,27.39,0.172,-0.023,525.4,9.59,10.67,85.48,330.13
2023-07-12,Central,24.49,27.19,0.153,-0.022,528.89,9.33,10.54,84.53,328.7
2023-07-13,North,28.38,26.96,0.195,-0.024,535.67,9.51,10.64,86.18,335.27
2023-07-13,South,24.09,27.49,0.163,-0.016,528.09,9.38,10.8,85.54,332.49
2023-07-13,East,20.83,27.76,0.143,-0.037,530.45,9.24,10.24,84.35,325.12
2023-07-13,West,25.73,27.29,0.157,-0.043,525.81,9.36,10.65,85.07,329.95
2023-07-13,Central,27.99,27.11,0.155,-0.035,528.63,9.34,10.36,84.56,327.98
2023-07-14,North,29.65,26.56,0.163,-0.03,540.59,9.62,10.55,86.33,336.38
2023-07-14,South,24.11,27.52,0.16,-0.013,524.16,9.04,10.59,85.31,332.46
2023-07-14,East,22.53,27.69,0.117,-0.042,528.28,9.51,10.37,83.91,325.65
2023-07-14,West,27.4,27.07,0.16,-0.018,519.92,9.48,10.7,84.96,331.17
2023-07-14,Central,28.41,26.91,0.133,-0.042,527.85,9.0,10.4,84.28,329.25
2023-07-15,North,28.05,26.96,0.117,-0.051,533.78,9.7,10.59,85.29,334.29
2023-07-15,South,23.98,27.76,0.112,-0.053,526.02,9.46,10.55,85.04,330.53
2023-07-15,East,21.45,27.76,0.087,-0.055,533.47,9.23,10.32,83.86,324.09
2023-07-15,West,25.85,27.4,0.122,-0.057,526.3,9.18,10.76,84.58,329.04
2023-07-15,Central,25.91,27.18,0.087,-0.059,527.8,9.22,10.42,84.62,327.44
2023-07-16,North,26.03,26.92,0.112,-0.069,537.1,9.73,10.8,85.94,333.15
2023-07-16,South,23.26,27.63,0.1,-0.069,529.13,9.15,10.33,85.1,329.6
2023-07-16,East,19.44,27.85,0.07,-0.072,528.57,9.39,10.48,83.82,321.94
2023-07-16,West,24.45,27.11,0.087,-0.072,519.02,9.65,10.75,84.55,329.01
2023-07-16,Central,24.63,27.13,0.081,-0.077,524.18,9.45,10.42,83.93,325.57
2023-07-17,North,26.32,26.99,0.113,-0.035,536.01,9.53,10.74,86.24,332.58
2023-07-17,South,21.44,27.59,0.11,-0.06,526.59,9.12,10.44,85.0,329.63
2023-07-17,East,19.02,27.74,0.084,-0.06,529.15,9.19,10.38,83.9,322.49
2023-07-17,West,23.28,27.18,0.099,-0.059,522.0,9.43,10.68,84.46,328.59
2023-07-17,Central,26.05,27.03,0.102,-0.02,527.98,9.36,10.56,84.15,325.01
2023-07-18,North,28.36,26.9,0.131,-0.031,537.18,9.51,10.69,85.23,333.6
2023-07-18,South,25.4,27.63,0.099,-0.067,522.99,9.27,10.61,84.33,329.26
2023-07-18,East,22.45,27.65,0.05,-0.048,528.75,9.14,10.66,83.79,322.96
2023-07-18,West,25.54,27.14,0.094,-0.043,520.98,9.38,10.82,84.38,328.87
2023-07-18,Central,27.91,27.15,0.071,-0.055,527.84,9.28,10.56,83.96,325.49
2023-07-19,North,26.82,26.87,0.125,-0.052,538.95,9.62,10.67,85.77,332.65
2023-07-19,South,22.75,27.39,0.098,-0.047,520.56,9.03,10.65,84.51,329.07
2023-07-19,East,19.61,27.7,0.076,-0.065,527.43,9.5,10.42,83.43,322.36
2023-07-19,West,22.86,27.04,0.092,-0.041,521.91,9.52,10.81,84.77,326.46
2023-07-19,Central,25.5,26.98,0.092,-0.049,528.4,9.16,10.27,84.56,325.11
2023-07-20,North,28.93,26.75,0.117,-0.049,533.81,9.81,10.75,85.31,334.76
2023-07-20,South,23.24,27.49,0.097,-0.061,526.19,9.34,10.64,85.05,329.25
2023-07-20,East,20.24,27.59,0.087,-0.079,530.6,9.44,10.58,83.48,322.82
2023-07-20,West,25.56,27.1,0.1,-0.071,521.65,9.65,10.82,83.91,327.97
2023-07-20,Central,27.44,26.92,0.084,-0.072,524.89,9.21,10.55,83.53,326.32
2023-07-21,North,28.34,26.88,0.138,-0.072,534.29,9.6,10.71,85.08,333.56
2023-07-21,South,24.86,27.36,0.134,-0.075,521.34,9.33,10.59,84.44,330.4
2023-07-21,East,21.96,27.58,0.113,-0.09,526.88,9.33,10.35,83.3,322.4
2023-07-21,West,27.8,27.03,0.117,-0.103,524.14,9.36,10.88,84.37,328.52
2023-07-21,Central,27.62,27.03,0.104,-0.114,522.73,9.53,10.61,83.98,327.23
2023-07-22,North,29.73,26.81,0.113,-0.038,533.26,9.56,10.86,85.51,333.05
2023-07-22,South,25.88,27.44,0.123,-0.018,523.12,9.29,10.77,84.5,328.77
2023-07-22,East,22.39,27.77,0.082,-0.056,526.93,9.22,10.62,83.34,321.12
2023-07-22,West,28.25,27.07,0.126,-0.033,523.19,9.47,10.88,84.11,327.48
2023-07-22,Central,28.03,27.05,0.091,-0.056,525.12,9.2,10.28,83.48,326.12
2023-07-23,North,31.66,26.97,0.136,-0.034,531.71,9.54,10.98,85.16,334.58
2023-07-23,South,26.87,27.64,0.123,-0.04,520.6,9.31,10.47,84.54,329.39
2023-07-23,East,23.71,27.93,0.099,-0.048,527.73,9.64,10.6,83.1,323.44
2023-07-23,West,30.76,27.31,0.093,-0.046,519.88,9.28,10.87,83.96,327.78
2023-07-23,Central,31.41,27.11,0.111,-0.056,524.0,9.31,10.31,83.75,325.05
2023-07-24,North,30.61,27.07,0.117,-0.056,533.8,9.37,10.76,85.41,331.11
2023-07-24,South,25.91,27.7,0.134,-0.06,520.05,9.17,10.63,84.39,328.89
2023-07-24,East,21.62,27.81,0.091,-0.09,527.87,9.48,10.65,83.12,320.88
2023-07-24,West,27.94,27.2,0.11,-0.042,519.44,9.5,10.77,83.86,326.97
2023-07-24,Central,30.7,27.05,0.111,-0.071,523.85,9.36,10.46,83.23,325.63
2023-07-25,North,26.51,26.86,0.142,-0.05,532.65,9.5,10.84,85.19,331.07
2023-07-25,South,23.68,27.53,0.135,-0.059,524.08,9.24,11.0,84.66,327.84
2023-07-25,East,20.35,27.73,0.111,-0.066,525.67,9.47,10.58,83.45,321.72
2023-07-25,West,26.35,27.26,0.144,-0.059,520.41,9.57,11.07,84.15,327.93
2023-07-25,Central,28.01,27.08,0.128,-0.075,524.72,9.19,10.58,83.76,324.75
2023-07-26,North,28.83,26.59,0.125,-0.081,532.45,9.73,10.8,84.97,330.96
2023-07-26,South,23.42,27.52,0.112,-0.095,520.91,9.45,10.58,84.35,327.16
2023-07-26,East,20.06,27.64,0.067,-0.097,523.36,9.44,10.6,83.02,319.39
2023-07-26,West,25.72,26.94,0.1,-0.119,519.54,9.74,10.96,83.52,326.67
2023-07-26,Central,24.68,27.0,0.089,-0.084,521.5,9.19,10.57,83.22,324.22
2023-07-27,North,28.75,26.74,0.101,-0.084,533.8,9.63,10.89,84.95,330.15
2023-07-27,South,25.02,27.3,0.082,-0.109,519.66,9.35,10.57,84.02,326.78
2023-07-27,East,22.44,27.54,0.077,-0.123,526.32,9.35,10.53,83.01,319.67
2023-07-27,West,26.95,26.94,0.095,-0.116,518.35,9.64,10.73,83.54,325.6
2023-07-27,Central,27.94,26.68,0.07,-0.131,529.44,9.29,10.68,83.21,322.64
2023-07-28,North,28.14,26.68,0.101,-0.045,531.76,9.54,10.84,84.59,330.67
2023-07-28,South,24.0,27.52,0.11,-0.07,520.6,9.27,10.99,83.9,326.5
2023-07-28,East,20.31,27.63,0.09,-0.089,526.2,9.47,10.58,82.98,320.4
2023-07-28,West,25.1,27.04,0.097,-0.078,522.42,9.37,10.85,83.94,325.59
2023-07-28,Central,28.97,26.84,0.094,-0.071,525.39,9.25,10.63,83.46,323.33
2023-07-29,North,27.29,26.87,0.149,-0.059,530.55,9.7,10.85,84.65,332.61
2023-07-29,South,24.23,27.33,0.128,-0.059,519.25,9.19,10.61,84.66,330.11
2023-07-29,East,19.39,27.79,0.085,-0.098,527.19,9.69,10.74,83.01,320.9
2023-07-29,West,25.85,27.01,0.128,-0.081,519.45,9.57,10.95,83.73,327.98
2023-07-29,Central,26.07,26.92,0.118,-0.061,523.98,9.24,10.73,83.45,325.74
2023-07-30,North,26.02,26.69,0.155,-0.008,531.03,9.78,10.72,85.11,333.02
2023-07-30,South,20.82,27.5,0.127,-0.028,520.16,9.2,10.81,84.06,329.06
2023-07-30,East,17.92,27.69,0.085,-0.043,524.31,9.42,10.66,82.82,322.58
2023-07-30,West,24.34,26.93,0.109,-0.032,519.25,9.56,10.92,83.81,327.66
2023-07-30,Central,24.8,26.83,0.126,-0.034,524.54,9.38,10.59,83.13,325.27
2023-07-31,North,30.68,26.78,0.118,-0.011,531.57,9.61,10.73,84.84,334.27
2023-07-31,South,22.42,27.51,0.123,-0.036,519.09,9.4,10.99,83.96,329.27
2023-07-31,East,22.27,27.49,0.081,-0.025,525.77,9.42,10.62,82.93,323.19
2023-07-31,West,26.74,26.92,0.108,-0.031,520.66,9.38,11.07,83.83,328.6
2023-07-31,Central,27.53,26.98,0.08,-0.08,520.62,9.19,10.68,83.38,326.05
2023-08-01,North,30.14,26.58,0.132,-0.002,531.87,9.46,10.83,85.09,334.41
2023-08-01,South,27.22,27.27,0.128,-0.03,518.15,9.48,10.55,83.72,330.23
2023-08-01,East,22.25,27.62,0.089,-0.047,525.45,9.43,10.64,82.65,324.21
2023-08-01,West,29.04,27.05,0.106,-0.039,518.71,9.49,10.86,83.73,329.09
2023-08-01,Central,30.28,26.88,0.106,-0.051,523.71,9.19,10.77,83.38,326.98
2023-08-02,North,31.06,26.7,0.168,-0.036,526.95,9.8,10.98,84.81,332.92
2023-08-02,South,26.95,27.5,0.131,-0.009,520.49,9.29,10.93,84.18,329.33
2023-08-02,East,24.14,27.62,0.101,-0.021,520.77,9.23,10.58,82.91,323.29
2023-08-02,West,29.69,27.19,0.113,-0.039,515.81,9.49,10.69,83.33,329.11
2023-08-02,Central,30.79,26.96,0.115,-0.043,520.2,9.38,10.65,83.28,326.69
2023-08-03,North,33.81,26.72,0.125,-0.069,528.83,9.67,10.96,84.55,334.24
2023-08-03,South,28.54,27.55,0.132,-0.067,519.95,9.36,10.93,83.93,328.98
2023-08-03,East,25.25,27.57,0.085,-0.067,526.35,9.4,10.56,82.8,322.56
2023-08-03,West,33.92,26.85,0.111,-0.051,517.54,9.45,11.01,83.09,329.14
2023-08-03,Central,32.15,26.82,0.103,-0.073,519.27,9.2,10.45,83.08,326.13
2023-08-04,North,35.35,26.49,0.135,-0.054,528.96,9.61,10.8,84.86,332.52
2023-08-04,South,31.25,27.2,0.119,-0.069,522.86,9.25,10.7,83.88,328.5
2023-08-04,East,25.1,27.42,0.09,-0.085,523.19,9.39,10.57,82.43,320.84
2023-08-04,West,32.95,26.81,0.1,-0.066,516.83,9.38,10.86,83.35,327.7
2023-08-04,Central,33.06,26.72,0.103,-0.061,523.24,9.43,10.71,82.68,324.88
2023-08-05,North,34.3,26.44,0.156,-0.05,531.95,9.82,10.94,84.75,334.05
2023-08-05,South,29.76,27.13,0.138,-0.072,522.45,9.52,10.93,83.93,328.74
2023-08-05,East,26.45,27.34,0.109,-0.063,527.05,9.45,10.66,82.54,321.84
2023-08-05,West,31.31,26.96,0.125,-0.05,515.12,9.62,11.0,83.51,328.69
2023-08-05,Central,31.7,26.51,0.097,-0.042,524.46,9.03,10.58,82.68,326.23
2023-08-06,North,32.95,26.03,0.151,-0.011,525.99,10.0,11.09,85.15,335.03
2023-08-06,South,30.0,26.93,0.145,-0.026,519.2,9.54,10.81,83.99,330.64
2023-08-06,East,24.87,26.98,0.129,-0.042,520.78,9.43,10.74,82.65,323.72
2023-08-06,West,32.53,26.49,0.142,-0.015,515.02,9.44,10.9,83.2,330.24
2023-08-06,Central,31.72,26.47,0.131,-0.029,518.71,9.32,10.79,83.29,328.15
2023-08-07,North,32.31,26.13,0.167,0.01,528.98,9.7,10.8,84.81,335.23
2023-08-07,South,29.85,26.74,0.16,-0.017,519.97,9.33,10.77,83.84,331.71
2023-08-07,East,26.07,27.0,0.113,-0.028,523.14,9.42,10.69,82.71,323.76
2023-08-07,West,30.61,26.34,0.127,0.007,516.34,9.62,10.95,83.56,330.31
2023-08-07,Central,29.97,26.4,0.139,-0.01,521.7,9.48,10.55,82.71,327.5
2023-08-08,North,38.6,25.46,0.171,-0.011,530.37,9.87,10.85,84.48,336.88
2023-08-08,South,31.69,26.27,0.146,-0.018,519.63,9.26,10.8,83.73,331.35
2023-08-08,East,29.42,26.55,0.112,-0.043,523.88,9.63,10.76,82.85,325.98
2023-08-08,West,33.89,25.95,0.153,-0.037,517.3,9.32,10.96,82.99,331.61
2023-08-08,Central,35.55,25.69,0.136,-0.04,520.17,9.34,10.71,83.15,328.49
2023-08-09,North,37.18,25.42,0.137,0.01,528.37,9.67,11.14,84.75,335.19
2023-08-09,South,33.61,26.13,0.145,-0.009,515.64,9.49,10.88,83.55,332.55
2023-08-09,East,31.28,26.4,0.128,-0.011,519.87,9.49,10.71,82.16,324.88
2023-08-09,West,35.59,25.59,0.149,0.028,516.04,9.6,11.02,83.52,331.82
2023-08-09,Central,37.03,25.56,0.125,-0.014,520.23,9.53,10.81,82.69,329.12
2023-08-10,North,35.53,25.48,0.147,-0.009,524.99,9.65,10.91,84.67,335.53
2023-08-10,South,30.12,26.14,0.147,-0.02,519.03,9.54,10.83,83.86,331.37
2023-08-10,East,28.67,26.34,0.101,-0.02,520.29,9.41,10.64,81.87,325.07
2023-08-10,West,34.85,25.74,0.142,0.001,516.87,9.65,11.18,83.12,330.64
2023-08-10,Central,36.62,25.6,0.118,0.005,517.56,9.34,10.7,82.52,327.74
2023-08-11,North,35.91,25.51,0.136,-0.002,527.98,9.78,11.06,84.73,334.56
2023-08-11,South,30.7,26.16,0.163,-0.016,518.97,9.37,10.79,83.85,332.01
2023-08-11,East,28.46,26.5,0.103,-0.027,523.36,9.59,10.57,82.09,325.43
2023-08-11,West,33.41,25.65,0.126,-0.032,515.48,9.63,10.93,82.97,332.19
2023-08-11,Central,35.43,25.7,0.116,-0.039,518.9,9.05,10.65,82.57,329.18
2023-08-12,North,35.07,25.26,0.139,-0.005,527.71,9.83,11.07,84.1,336.74
2023-08-12,South,30.2,25.94,0.126,0.006,514.65,9.54,10.57,83.64,331.19
2023-08-12,East,26.74,26.18,0.101,-0.031,518.79,9.46,10.83,82.05,324.13
2023-08-12,West,32.8,25.61,0.128,-0.013,517.19,9.66,11.0,83.3,330.35
2023-08-12,Central,31.93,25.48,0.129,0.003,519.42,9.44,10.81,82.69,328.67
2023-08-13,North,36.36,25.11,0.098,-0.021,524.27,9.54,10.87,84.16,335.19
2023-08-13,South,31.86,25.87,0.11,-0.021,514.51,9.57,10.73,83.0,332.02
2023-08-13,East,30.63,25.98,0.068,-0.028,519.53,9.56,10.67,81.76,324.02
2023-08-13,West,34.95,25.47,0.105,-0.027,513.09,9.64,11.03,82.85,330.75
2023-08-13,Central,35.26,25.38,0.064,-0.029,521.08,9.53,10.87,82.53,327.48
2023-08-14,North,34.5,25.33,0.118,0.013,525.82,9.6,11.04,84.4,334.34
2023-08-14,South,31.46,26.1,0.115,0.041,514.74,9.27,10.85,83.57,330.2
2023-08-14,East,28.35,26.37,0.084,-0.003,521.57,9.58,10.88,82.36,322.61
2023-08-14,West,32.07,25.66,0.127,0.003,514.68,9.59,10.79,82.77,329.66
2023-08-14,Central,34.66,25.62,0.089,0.013,521.17,9.43,10.69,82.68,327.25
2023-08-15,North,37.3,25.4,0.115,0.032,526.97,9.79,10.95,83.92,336.81
2023-08-15,South,32.93,25.93,0.077,0.023,515.35,9.51,10.79,83.51,331.14
2023-08-15,East,27.89,26.11,0.064,0.02,522.84,9.43,10.63,81.72,324.32
2023-08-15,West,33.92,25.67,0.094,0.03,512.86,9.53,10.96,82.93,331.03
2023-08-15,Central,35.62,25.5,0.08,0.012,515.89,9.53,10.72,82.21,328.13
2023-08-16,North,38.02,25.66,0.093,0.041,529.25,9.83,10.94,83.55,336.76
2023-08-16,South,31.45,26.16,0.069,0.02,516.76,9.63,10.87,83.55,330.98
2023-08-16,East,28.45,26.43,0.051,-0.01,518.11,9.66,10.52,81.44,323.76
2023-08-16,West,36.6,25.91,0.076,0.036,511.46,9.84,10.94,82.8,331.16
2023-08-16,Central,35.33,25.59,0.069,-0.002,519.39,9.22,10.79,82.02,328.64
2023-08-17,North,37.17,25.57,0.093,0.07,524.99,9.73,11.0,84.01,334.65
2023-08-17,South,34.2,26.11,0.071,0.075,513.17,9.37,10.87,83.2,330.22
2023-08-17,East,30.62,26.54,0.051,0.037,522.98,9.79,10.75,81.6,323.34
2023-08-17,West,34.74,25.69,0.074,0.045,515.81,9.45,11.02,82.83,328.35
2023-08-17,Central,38.78,25.74,0.071,0.041,518.01,9.43,10.91,82.2,328.52
2023-08-18,North,38.52,25.56,0.13,0.075,526.58,9.77,11.04,83.96,335.05
2023-08-18,South,31.85,26.2,0.111,0.05,514.43,9.59,10.84,83.28,329.97
2023-08-18,East,29.26,26.5,0.086,0.069,517.27,9.56,10.66,81.96,323.2
2023-08-18,West,35.01,25.73,0.093,0.061,515.11,9.51,11.01,82.73,330.13
2023-08-18,Central,35.0,25.67,0.093,0.091,518.13,9.32,10.63,82.62,326.63
2023-08-19,North,35.24,25.78,0.108,0.094,527.63,9.9,10.95,84.33,332.96
2023-08-19,South,32.35,26.32,0.111,0.087,516.47,9.5,10.91,82.92,329.6
2023-08-19,East,29.28,26.56,0.063,0.073,520.58,9.76,10.47,82.27,322.38
2023-08-19,West,34.34,26.08,0.09,0.063,510.67,9.79,10.7,82.47,329.74
2023-08-19,Central,34.92,25.84,0.091,0.093,518.1,9.57,10.9,82.39,326.09
2023-08-20,North,35.0,25.64,0.096,0.107,525.99,9.83,10.81,84.04,332.76
2023-08-20,South,31.31,26.3,0.072,0.079,514.02,9.59,10.83,83.44,328.83
2023-08-20,East,30.14,26.5,0.05,0.093,524.11,9.6,10.65,81.79,322.83
2023-08-20,West,34.83,26.02,0.085,0.105,508.4,9.81,11.02,82.69,329.89
2023-08-20,Central,35.83,25.81,0.05,0.078,516.68,9.39,10.78,82.12,327.44
2023-08-21,North,35.11,25.39,0.078,0.122,526.57,10.11,10.83,84.19,333.26
2023-08-21,South,31.59,26.24,0.07,0.095,513.76,9.42,10.75,83.08,329.07
2023-08-21,East,27.83,26.33,0.035,0.087,519.74,9.53,10.63,81.97,320.88
2023-08-21,West,33.66,25.96,0.061,0.102,512.85,9.59,11.06,82.48,328.14
2023-08-21,Central,35.54,25.61,0.037,0.107,513.54,9.44,10.91,82.47,324.89
2023-08-22,North,33.97,25.41,0.111,0.115,522.57,9.83,10.81,83.54,333.25
2023-08-22,South,30.73,26.11,0.098,0.108,511.45,9.45,10.8,83.46,329.01
2023-08-22,East,27.18,26.3,0.058,0.119,519.28,9.62,10.7,81.8,321.39
2023-08-22,West,31.74,25.57,0.09,0.12,510.22,9.73,11.01,82.61,329.29
2023-08-22,Central,33.71,25.67,0.069,0.082,520.17,9.52,10.75,82.3,325.49
2023-08-23,North,37.58,25.4,0.068,0.127,524.93,9.61,10.59,83.92,333.67
2023-08-23,South,31.54,25.9,0.044,0.135,510.97,9.71,10.71,82.99,329.9
2023-08-23,East,28.74,26.26,0.011,0.119,518.85,9.67,10.82,81.58,323.57
2023-08-23,West,35.87,25.64,0.017,0.141,511.18,10.02,11.04,82.72,329.43
2023-08-23,Central,36.2,25.62,0.019,0.13,510.52,9.38,10.69,82.13,327.41
2023-08-24,North,35.79,25.14,0.041,0.141,526.52,9.85,11.19,83.8,333.79
2023-08-24,South,33.52,25.99,0.03,0.112,514.27,9.63,11.02,83.58,329.13
2023-08-24,East,28.41,26.13,-0.009,0.097,522.38,9.7,10.72,81.71,322.94
2023-08-24,West,33.53,25.49,-0.004,0.102,508.82,9.8,10.88,82.64,329.06
2023-08-24,Central,34.77,25.21,-0.018,0.099,516.06,9.36,10.91,82.24,326.05
2023-08-25,North,33.86,25.21,0.068,0.133,522.61,9.97,10.91,84.02,335.31
2023-08-25,South,30.85,25.84,0.047,0.12,512.88,9.57,10.71,83.21,329.64
2023-08-25,East,26.8,26.02,0.014,0.099,519.77,9.59,10.69,81.76,322.78
2023-08-25,West,32.15,25.44,0.055,0.095,512.12,9.86,11.01,82.88,329.92
2023-08-25,Central,34.5,25.32,0.038,0.114,516.89,9.71,10.7,82.0,327.37
2023-08-26,North,34.57,24.91,0.084,0.145,522.57,9.91,10.75,83.82,334.06
2023-08-26,South,28.58,25.73,0.059,0.176,517.56,9.74,10.77,83.47,329.57
2023-08-26,East,26.4,25.67,0.032,0.132,519.62,9.89,10.67,81.73,323.21
2023-08-26,West,31.81,25.34,0.048,0.148,509.36,9.69,11.01,82.57,329.39
2023-08-26,Central,32.87,25.19,0.037,0.141,514.81,9.69,10.61,82.49,327.2
2023-08-27,North,34.74,25.05,0.063,0.161,521.92,9.98,10.83,83.97,336.21
2023-08-27,South,33.57,25.71,0.055,0.163,512.84,9.68,10.63,83.22,332.53
2023-08-27,East,29.59,25.91,0.008,0.156,518.69,9.9,10.64,82.53,325.32
2023-08-27,West,34.45,25.36,0.054,0.164,513.93,9.91,10.86,82.96,331.91
2023-08-27,Central,34.76,25.19,0.026,0.167,516.6,9.43,10.94,82.57,329.92
2023-08-28,North,37.82,25.09,0.043,0.168,523.38,9.85,10.87,84.06,335.65
2023-08-28,South,32.12,25.73,0.05,0.147,512.25,9.53,10.83,83.18,332.85
2023-08-28,East,29.91,25.95,0.022,0.135,517.78,9.77,10.66,81.72,326.03
2023-08-28,West,34.58,25.36,0.029,0.121,512.37,9.89,10.89,82.57,331.47
2023-08-28,Central,35.1,25.33,0.021,0.15,516.91,9.36,10.61,82.73,328.23
2023-08-29,North,38.0,24.97,0.056,0.158,524.88,9.97,10.8,84.39,335.47
2023-08-29,South,31.8,25.61,0.033,0.14,511.68,9.49,10.77,83.07,331.93
2023-08-29,East,32.36,25.95,0.004,0.13,516.61,9.59,10.58,81.81,324.52
2023-08-29,West,34.08,25.31,0.035,0.152,509.37,10.0,10.97,82.82,329.92
2023-08-29,Central,37.46,25.05,0.032,0.156,519.81,9.7,10.66,82.67,328.05
2023-08-30,North,37.0,24.97,0.066,0.173,519.86,9.76,10.87,83.98,335.79
2023-08-30,South,33.56,25.55,0.039,0.188,509.82,9.71,10.6,83.29,331.93
2023-08-30,East,28.59,25.92,0.012,0.136,514.34,9.64,10.51,81.65,324.3
2023-08-30,West,34.32,25.25,0.031,0.158,510.29,9.94,10.83,82.53,330.53
2023-08-30,Central,33.88,25.12,0.024,0.149,515.77,9.59,10.55,82.62,327.44
2023-08-31,North,36.67,24.93,0.08,0.167,520.1,10.09,10.82,83.97,336.51
2023-08-31,South,31.6,25.88,0.072,0.186,509.49,9.47,10.81,83.26,331.17
2023-08-31,East,30.24,25.72,0.028,0.151,515.84,9.71,10.47,81.79,325.65
2023-08-31,West,34.96,25.27,0.067,0.16,511.48,9.91,10.78,83.05,331.23
2023-08-31,Central,37.45,25.17,0.054,0.157,516.02,9.56,10.47,82.06,328.79
2023-09-01,North,36.52,25.08,0.086,0.2,523.94,9.94,10.81,83.99,333.76
2023-09-01,South,31.23,25.62,0.082,0.159,510.64,9.76,10.64,83.24,330.0
2023-09-01,East,29.17,26.06,0.046,0.164,518.41,9.99,10.54,82.08,323.52
2023-09-01,West,35.2,25.37,0.057,0.177,510.94,9.7,11.0,83.23,330.2
2023-09-01,Central,33.44,25.15,0.06,0.153,513.63,9.59,10.67,82.37,326.76
2023-09-02,North,34.28,24.84,0.066,0.148,524.9,10.31,10.78,84.39,333.69
2023-09-02,South,33.13,25.44,0.052,0.173,512.86,9.82,10.66,83.03,329.93
2023-09-02,East,28.39,25.94,0.052,0.143,518.86,9.62,10.57,82.49,322.53
2023-09-02,West,33.85,25.09,0.051,0.18,509.95,9.89,10.91,82.59,328.83
2023-09-02,Central,31.13,24.94,0.039,0.136,514.35,9.7,10.46,82.57,325.34
2023-09-03,North,38.02,24.65,0.073,0.182,527.99,9.94,10.67,83.71,334.17
2023-09-03,South,33.15,25.43,0.082,0.15,516.02,9.66,10.7,83.33,329.11
2023-09-03,East,29.65,25.51,0.028,0.144,516.45,9.75,10.34,81.26,323.59
2023-09-03,West,32.15,25.09,0.062,0.159,507.63,10.0,10.99,83.01,329.65
2023-09-03,Central,34.71,24.98,0.048,0.156,518.32,9.56,10.48,82.13,326.83
2023-09-04,North,36.72,24.84,0.07,0.156,520.48,10.16,10.49,83.98,333.83
2023-09-04,South,33.79,25.39,0.045,0.175,514.14,9.73,10.34,83.1,329.56
2023-09-04,East,30.66,25.82,0.026,0.152,520.39,9.98,10.6,81.89,323.37
2023-09-04,West,36.21,25.12,0.037,0.161,510.22,9.95,10.69,82.69,329.69
2023-09-04,Central,34.39,25.0,0.02,0.149,518.14,9.57,10.48,82.64,326.23
2023-09-05,North,35.36,24.81,0.039,0.151,524.33,9.98,10.59,83.54,331.36
2023-09-05,South,31.91,25.4,0.016,0.117,512.74,9.9,10.75,82.67,328.49
2023-09-05,East,28.18,25.72,0.0,0.125,517.96,9.86,10.61,81.83,320.81
2023-09-05,West,32.93,25.01,0.018,0.137,508.44,10.04,10.7,82.64,327.9
2023-09-05,Central,32.97,24.98,0.014,0.117,512.34,9.64,10.37,82.23,325.46
2023-09-06,North,33.96,24.58,0.012,0.15,522.24,9.97,10.59,83.53,331.74
2023-09-06,South,30.67,25.22,0.01,0.122,510.26,9.8,10.62,82.85,327.4
2023-09-06,East,27.13,25.54,-0.032,0.12,515.24,9.85,10.5,81.41,320.1
2023-09-06,West,32.83,24.83,-0.015,0.119,509.1,10.0,10.89,82.52,326.95
2023-09-06,Central,33.31,24.85,-0.025,0.123,512.13,9.68,10.44,82.05,323.75
2023-09-07,North,34.53,24.57,-0.013,0.133,520.52,10.08,10.54,83.96,332.05
2023-09-07,South,30.89,25.17,-0.01,0.128,512.42,9.73,10.67,82.7,328.01
2023-09-07,East,27.04,25.49,-0.045,0.131,512.05,9.49,10.53,81.25,319.8
2023-09-07,West,34.94,24.87,-0.045,0.141,508.2,9.77,10.71,82.0,326.26
2023-09-07,Central,32.34,24.74,-0.043,0.127,513.14,9.72,10.4,81.88,322.64
2023-09-08,North,38.91,24.65,-0.018,0.127,520.28,10.25,10.65,83.31,333.54
2023-09-08,South,32.78,25.51,-0.031,0.121,511.46,9.7,10.74,82.69,328.62
2023-09-08,East,29.78,25.57,-0.062,0.105,515.51,9.96,10.69,80.96,322.94
2023-09-08,West,34.06,24.9,-0.067,0.123,508.62,9.89,10.91,82.13,328.59
2023-09-08,Central,35.06,24.74,-0.041,0.121,517.17,9.55,10.51,82.13,326.34
2023-09-09,North,34.03,24.57,-0.043,0.116,523.3,10.14,10.78,83.43,331.75
2023-09-09,South,28.21,25.01,-0.048,0.154,514.07,9.82,10.79,82.73,327.92
2023-09-09,East,23.83,25.24,-0.088,0.122,516.94,9.84,10.49,81.86,320.69
2023-09-09,West,29.4,24.68,-0.074,0.15,508.46,10.05,10.82,82.3,326.67
2023-09-09,Central,34.67,24.59,-0.082,0.142,516.13,9.74,10.43,81.64,323.96
2023-09-10,North,34.45,24.4,-0.028,0.17,522.87,10.2,10.38,83.08,331.49
2023-09-10,South,28.31,25.24,-0.047,0.15,511.66,9.76,10.56,82.65,328.3
2023-09-10,East,28.26,25.48,-0.081,0.135,516.75,10.12,10.42,81.63,321.8
2023-09-10,West,33.26,24.83,-0.07,0.144,509.45,10.13,10.87,82.28,328.23
2023-09-10,Central,32.37,24.63,-0.08,0.149,513.66,9.8,10.49,81.89,324.74
2023-09-11,North,30.43,24.51,-0.066,0.189,521.97,9.94,10.77,83.99,331.25
2023-09-11,South,28.29,25.28,-0.064,0.177,512.5,9.88,10.56,82.11,327.81
2023-09-11,East,23.81,25.46,-0.092,0.164,513.1,9.82,10.27,81.22,320.32
2023-09-11,West,30.11,24.79,-0.067,0.165,510.8,10.16,10.81,82.52,326.66
2023-09-11,Central,31.79,24.78,-0.096,0.164,515.03,9.68,10.71,81.94,322.55
2023-09-12,North,32.04,24.58,-0.108,0.168,521.99,10.1,10.51,83.61,330.8
2023-09-12,South,26.12,25.21,-0.114,0.18,510.62,9.85,10.38,82.93,324.91
2023-09-12,East,23.58,25.49,-0.149,0.148,516.35,10.01,10.18,81.04,318.22
2023-09-12,West,28.28,24.88,-0.121,0.151,508.87,9.91,10.56,82.17,325.36
2023-09-12,Central,31.3,24.84,-0.117,0.152,517.88,9.8,10.27,81.64,322.38
2023-09-13,North,30.84,24.7,-0.121,0.188,519.81,10.16,10.57,83.04,330.24
2023-09-13,South,25.98,25.33,-0.121,0.153,511.76,9.92,10.79,82.6,324.4
2023-09-13,East,25.34,25.55,-0.146,0.169,517.56,9.98,10.2,80.97,317.5
2023-09-13,West,28.07,24.84,-0.113,0.16,509.24,9.99,10.69,82.14,323.49
2023-09-13,Central,29.44,24.88,-0.148,0.16,515.66,9.64,10.37,81.84,321.7
2023-09-14,North,29.48,24.46,-0.113,0.164,518.43,10.08,10.48,83.92,329.71
2023-09-14,South,26.37,25.2,-0.126,0.201,509.68,9.86,10.66,82.33,325.55
2023-09-14,East,22.94,25.34,-0.146,0.141,517.5,9.98,10.45,81.21,318.79
2023-09-14,West,27.47,24.82,-0.146,0.172,510.59,10.05,10.75,82.03,325.49
2023-09-14,Central,29.04,24.63,-0.13,0.17,513.05,9.68,10.41,81.44,322.38
2023-09-15,North,30.48,24.45,-0.138,0.134,522.37,10.27,10.5,83.56,327.88
2023-09-15,South,26.54,25.13,-0.129,0.149,510.35,9.82,10.5,82.44,324.25
2023-09-15,East,22.42,25.41,-0.144,0.103,515.26,10.14,10.56,81.23,318.5
2023-09-15,West,27.85,24.83,-0.133,0.125,505.74,10.11,10.69,81.8,324.15
2023-09-15,Central,28.87,24.57,-0.153,0.139,512.86,9.59,10.53,81.81,321.89
2023-09-16,North,31.54,24.47,-0.086,0.161,522.03,10.11,10.6,83.41,331.17
2023-09-16,South,27.11,25.15,-0.111,0.153,508.74,9.88,10.49,83.0,327.1
2023-09-16,East,22.72,25.39,-0.125,0.122,518.18,9.83,10.18,81.56,320.88
2023-09-16,West,28.38,24.8,-0.12,0.14,509.03,10.05,10.47,82.49,326.92
2023-09-16,Central,28.2,24.77,-0.129,0.144,513.79,9.71,10.19,81.58,324.73
2023-09-17,North,28.83,24.23,-0.108,0.157,521.15,10.22,10.39,83.46,330.92
2023-09-17,South,27.83,25.17,-0.108,0.16,511.03,9.97,10.42,82.8,327.55
2023-09-17,East,23.36,25.28,-0.126,0.133,514.55,9.79,10.33,81.47,319.07
2023-09-17,West,28.91,24.6,-0.118,0.146,510.53,10.06,10.62,81.99,326.75
2023-09-17,Central,28.07,24.44,-0.131,0.147,513.81,9.68,10.38,81.87,324.12
2023-09-18,North,29.72,24.37,-0.063,0.215,522.61,10.25,10.49,83.44,330.36
2023-09-18,South,23.5,25.14,-0.075,0.205,514.19,9.98,10.18,83.27,325.78
2023-09-18,East,22.78,25.45,-0.105,0.197,516.5,9.98,10.48,81.68,319.45
2023-09-18,West,27.46,24.78,-0.088,0.181,510.79,10.17,10.51,82.33,326.81
2023-09-18,Central,28.84,24.77,-0.122,0.186,513.74,9.97,10.35,82.02,323.35
2023-09-19,North,30.86,24.66,-0.059,0.244,524.06,10.11,10.34,83.51,331.68
2023-09-19,South,26.73,25.27,-0.079,0.225,512.38,9.83,10.15,82.75,327.79
2023-09-19,East,24.55,25.66,-0.118,0.219,512.86,10.19,10.3,81.69,319.36
2023-09-19,West,29.89,24.95,-0.093,0.216,508.15,10.02,10.55,82.15,327.22
2023-09-19,Central,28.85,24.9,-0.102,0.211,514.46,9.92,10.28,82.24,324.1
2023-09-20,North,32.02,24.87,-0.07,0.242,521.46,10.27,10.3,83.28,331.85
2023-09-20,South,29.48,25.43,-0.092,0.238,509.18,9.92,10.18,82.57,327.98
2023-09-20,East,25.4,25.67,-0.101,0.194,517.69,9.9,10.17,81.28,320.05
2023-09-20,West,29.33,24.94,-0.093,0.219,504.93,9.88,10.51,82.51,326.94
2023-09-20,Central,30.66,25.14,-0.101,0.218,511.94,9.79,10.31,82.17,324.32
2023-09-21,North,33.55,25.04,-0.08,0.248,520.02,10.4,10.26,83.49,331.55
2023-09-21,South,30.34,25.63,-0.103,0.222,510.01,9.9,10.16,82.75,329.54
2023-09-21,East,26.35,25.77,-0.122,0.205,516.01,9.98,10.23,81.45,320.86
2023-09-21,West,29.22,25.07,-0.108,0.23,506.99,10.1,10.4,82.1,329.08
2023-09-21,Central,30.93,25.05,-0.123,0.216,512.31,9.86,10.09,81.76,324.69
2023-09-22,North,31.48,24.84,-0.073,0.243,518.78,10.12,10.25,83.54,330.27
2023-09-22,South,27.45,25.49,-0.081,0.229,511.05,9.86,10.26,83.04,327.06
2023-09-22,East,24.69,25.82,-0.125,0.213,514.65,10.11,10.3,81.8,320.25
2023-09-22,West,30.08,25.18,-0.11,0.233,508.67,10.16,10.4,82.08,327.29
2023-09-22,Central,29.5,25.08,-0.108,0.207,510.0,9.82,9.99,81.92,324.37
2023-09-23,North,32.26,24.79,-0.096,0.198,519.61,10.33,10.5,83.46,330.51
2023-09-23,South,27.33,25.58,-0.086,0.187,507.22,9.84,10.31,82.49,326.09
2023-09-23,East,24.72,25.72,-0.119,0.197,513.43,10.17,10.16,81.03,319.68
2023-09-23,West,28.89,25.29,-0.112,0.169,508.13,10.17,10.67,81.98,326.03
2023-09-23,Central,32.56,25.07,-0.118,0.183,515.06,9.91,10.25,81.95,322.02
2023-09-24,North,33.19,24.93,-0.091,0.162,517.66,10.3,10.39,83.6,330.49
2023-09-24,South,27.42,25.51,-0.084,0.158,511.31,10.17,10.02,83.06,325.29
2023-09-24,East,25.73,25.85,-0.127,0.12,513.98,10.12,10.15,81.53,318.7
2023-09-24,West,30.8,25.25,-0.097,0.155,507.39,10.2,10.46,82.36,326.25
2023-09-24,Central,30.69,25.03,-0.1,0.128,515.4,9.76,10.03,81.83,321.7
2023-09-25,North,29.71,24.77,-0.077,0.139,521.33,10.27,10.28,83.31,330.4
2023-09-25,South,25.92,25.41,-0.08,0.137,506.25,10.02,9.99,82.8,326.15
2023-09-25,East,23.95,25.92,-0.136,0.113,514.26,10.13,9.87,81.27,318.44
2023-09-25,West,30.46,25.11,-0.093,0.138,509.57,10.15,10.38,81.84,324.84
2023-09-25,Central,29.21,25.06,-0.107,0.123,512.7,9.81,10.14,81.89,321.88
2023-09-26,North,31.26,24.77,-0.091,0.141,521.07,10.38,10.24,83.11,331.69
2023-09-26,South,26.19,25.59,-0.102,0.148,509.67,10.09,10.29,82.65,327.77
2023-09-26,East,24.52,25.77,-0.136,0.117,514.15,9.96,9.95,81.25,320.4
2023-09-26,West,29.58,25.14,-0.093,0.148,506.45,10.28,10.22,82.18,325.28
2023-09-26,Central,30.99,24.97,-0.129,0.11,511.9,9.78,10.11,82.0,323.24
2023-09-27,North,30.9,24.95,-0.076,0.117,520.9,10.44,10.15,83.43,331.03
2023-09-27,South,27.63,25.57,-0.078,0.083,509.92,10.15,9.99,82.07,327.37
2023-09-27,East,24.49,25.82,-0.125,0.076,514.52,9.92,10.0,81.47,320.49
2023-09-27,West,30.97,25.05,-0.105,0.09,509.93,10.26,10.31,81.82,327.98
2023-09-27,Central,31.29,24.97,-0.094,0.066,510.78,9.86,10.15,81.6,324.47
2023-09-28,North,35.04,24.77,-0.072,0.079,519.18,10.2,10.34,83.17,332.82
2023-09-28,South,30.09,25.37,-0.084,0.07,508.7,10.04,9.97,82.37,329.69
2023-09-28,East,26.38,25.66,-0.095,0.066,514.9,10.19,10.0,81.18,321.3
2023-09-28,West,34.01,25.04,-0.096,0.078,511.73,10.31,10.35,81.92,328.45
2023-09-28,Central,33.64,24.98,-0.083,0.074,512.1,9.91,10.08,81.68,325.74
2023-09-29,North,37.99,24.58,-0.073,0.089,519.89,10.25,10.25,82.95,333.77
2023-09-29,South,33.76,25.49,-0.076,0.068,510.68,10.03,10.04,82.42,329.34
2023-09-29,East,30.28,25.41,-0.108,0.069,516.78,10.2,10.17,81.43,323.27
2023-09-29,West,35.22,24.99,-0.105,0.087,509.41,10.04,10.47,81.92,329.53
2023-09-29,Central,35.86,24.86,-0.076,0.068,512.59,9.94,9.89,81.65,326.31
2023-09-30,North,33.05,24.62,-0.071,0.073,520.17,10.14,9.87,83.16,332.75
2023-09-30,South,29.66,25.42,-0.068,0.084,508.11,10.0,10.15,82.54,330.06
2023-09-30,East,27.51,25.43,-0.111,0.078,517.2,9.99,10.0,80.93,323.51
2023-09-30,West,32.28,24.79,-0.077,0.076,509.96,10.29,10.45,81.78,328.97
2023-09-30,Central,32.72,24.63,-0.107,0.054,510.13,9.9,9.99,81.63,326.92
2023-10-01,North,36.53,24.7,-0.071,0.079,521.66,10.53,10.11,83.4,334.1
2023-10-01,South,33.9,25.36,-0.074,0.06,510.8,10.14,10.05,81.81,330.48
2023-10-01,East,29.66,25.58,-0.093,0.049,514.6,10.19,9.83,81.29,324.07
2023-10-01,West,35.38,24.84,-0.064,0.08,505.02,10.41,9.83,82.04,329.14
2023-10-01,Central,36.77,24.86,-0.092,0.068,512.25,9.89,10.05,81.55,326.7
2023-10-02,North,35.32,24.58,-0.077,0.08,519.51,10.56,10.14,82.77,332.8
2023-10-02,South,31.53,25.22,-0.085,0.078,511.59,10.11,10.25,82.26,329.23
2023-10-02,East,28.86,25.6,-0.109,0.066,514.62,10.12,9.86,81.14,321.31
2023-10-02,West,32.63,24.83,-0.103,0.057,507.02,10.29,10.12,82.04,328.83
2023-10-02,Central,33.6,24.89,-0.107,0.044,513.65,10.01,9.94,81.33,324.69
2023-10-03,North,37.0,24.67,-0.078,0.099,521.13,10.38,9.94,83.25,333.48
2023-10-03,South,32.26,25.25,-0.077,0.11,512.78,10.12,10.09,82.26,329.74
2023-10-03,East,30.3,25.47,-0.107,0.113,513.41,10.11,9.93,81.13,322.36
2023-10-03,West,34.2,24.93,-0.085,0.084,507.69,10.31,10.21,82.2,328.76
2023-10-03,Central,35.58,24.83,-0.092,0.081,508.06,10.14,9.82,81.18,326.44
2023-10-04,North,37.91,24.6,-0.071,0.125,523.15,10.26,9.79,83.3,333.55
2023-10-04,South,34.13,25.19,-0.103,0.124,511.83,10.14,9.99,82.34,329.78
2023-10-04,East,30.0,25.58,-0.127,0.12,519.0,10.39,9.55,81.46,322.2
2023-10-04,West,34.64,25.09,-0.107,0.12,507.49,10.27,10.28,82.23,328.23
2023-10-04,Central,35.47,24.97,-0.112,0.146,514.04,9.93,9.9,81.74,326.31
2023-10-05,North,34.66,24.66,-0.093,0.11,519.66,10.43,9.92,83.29,333.03
2023-10-05,South,30.88,25.16,-0.101,0.113,510.0,10.23,10.06,82.26,329.08
2023-10-05,East,29.53,25.57,-0.124,0.1,512.52,10.17,9.67,81.34,321.76
2023-10-05,West,32.89,24.85,-0.12,0.119,509.33,10.43,9.93,82.31,327.8
2023-10-05,Central,32.07,24.82,-0.112,0.105,512.88,10.01,9.77,81.28,324.49
2023-10-06,North,36.97,24.62,-0.095,0.125,520.38,10.68,10.1,83.4,332.1
2023-10-06,South,30.68,25.34,-0.096,0.107,509.15,10.06,9.88,82.59,328.51
2023-10-06,East,29.44,25.52,-0.162,0.111,515.63,10.15,9.84,81.2,320.41
2023-10-06,West,34.88,25.03,-0.14,0.103,511.07,10.42,10.17,82.18,328.42
2023-10-06,Central,34.28,24.73,-0.127,0.115,513.93,9.96,9.94,81.43,326.35
2023-10-07,North,34.4,24.57,-0.106,0.126,521.6,10.29,10.05,83.49,332.68
2023-10-07,South,31.0,25.2,-0.128,0.096,509.31,10.34,9.89,82.37,329.26
2023-10-07,East,26.87,25.58,-0.128,0.106,517.22,10.18,9.56,81.17,321.22
2023-10-07,West,31.91,25.02,-0.126,0.121,509.25,10.29,9.89,81.7,327.79
2023-10-07,Central,34.12,24.71,-0.144,0.093,510.56,9.86,9.79,81.4,325.66
2023-10-08,North,35.46,24.44,-0.086,0.094,522.75,10.51,9.95,83.12,333.99
2023-10-08,South,30.38,25.18,-0.097,0.127,510.32,10.32,9.93,82.5,329.21
2023-10-08,East,27.76,25.32,-0.124,0.082,518.97,10.32,9.82,80.93,323.42
2023-10-08,West,33.14,24.72,-0.12,0.086,508.47,10.34,9.92,82.12,330.41
2023-10-08,Central,34.54,24.53,-0.106,0.087,514.33,10.11,9.86,82.03,325.27
2023-10-09,North,35.1,24.61,-0.099,0.1,520.91,10.35,9.83,83.76,333.19
2023-10-09,South,30.62,25.39,-0.108,0.118,512.09,10.0,9.81,82.51,330.67
2023-10-09,East,28.41,25.5,-0.122,0.099,516.9,10.2,9.44,80.93,322.57
2023-10-09,West,34.4,24.89,-0.099,0.105,507.08,10.41,10.1,81.68,329.35
2023-10-09,Central,36.47,24.76,-0.125,0.069,512.65,10.13,9.72,81.55,327.62
2023-10-10,North,38.01,24.61,-0.059,0.123,520.94,10.62,9.89,83.14,336.42
2023-10-10,South,32.55,25.24,-0.047,0.113,513.4,10.03,9.86,82.63,331.66
2023-10-10,East,29.4,25.46,-0.103,0.102,523.08,10.31,9.75,81.7,323.71
2023-10-10,West,35.56,24.87,-0.094,0.143,508.57,10.26,10.07,82.11,330.33
2023-10-10,Central,35.71,24.68,-0.102,0.1,511.49,10.05,9.81,81.9,328.39
2023-10-11,North,36.41,24.12,-0.051,0.099,523.38,10.34,9.92,83.4,335.18
2023-10-11,South,31.89,25.07,-0.055,0.106,510.98,10.19,9.73,82.45,331.61
2023-10-11,East,30.98,25.12,-0.085,0.103,515.44,10.27,9.82,81.47,325.3
2023-10-11,West,32.98,24.61,-0.055,0.106,507.6,10.82,9.83,82.17,330.79
2023-10-11,Central,34.52,24.46,-0.068,0.091,514.19,10.12,9.68,81.8,329.19
2023-10-12,North,35.79,24.18,-0.014,0.102,522.8,10.45,10.15,83.8,337.32
2023-10-12,South,31.18,25.01,-0.026,0.101,512.56,10.23,9.93,82.57,331.26
2023-10-12,East,28.03,25.02,-0.075,0.092,513.48,10.24,9.78,81.84,324.23
2023-10-12,West,32.9,24.35,-0.027,0.105,509.37,10.45,9.83,82.59,331.29
2023-10-12,Central,34.81,24.35,-0.058,0.1,510.98,10.12,9.74,82.27,328.82
2023-10-13,North,36.55,24.1,0.018,0.118,521.07,10.5,9.96,83.73,335.28
2023-10-13,South,30.78,24.72,-0.011,0.108,510.24,10.37,9.87,82.79,331.8
2023-10-13,East,29.53,24.87,-0.033,0.093,514.34,10.36,9.58,81.59,326.09
2023-10-13,West,36.42,24.51,-0.022,0.098,510.81,10.44,9.8,83.03,330.63
2023-10-13,Central,36.51,24.31,-0.016,0.101,512.6,10.26,9.62,81.95,327.74
2023-10-14,North,35.57,24.01,0.038,0.094,521.09,10.5,9.87,83.86,337.14
2023-10-14,South,33.08,24.74,0.007,0.114,513.65,10.57,9.63,83.27,331.28
2023-10-14,East,28.86,24.98,-0.014,0.108,515.03,10.23,9.81,82.09,324.78
2023-10-14,West,34.32,24.33,0.014,0.104,511.91,10.33,9.97,82.87,331.91
2023-10-14,Central,34.07,24.18,0.0,0.098,512.19,10.09,9.51,81.97,329.76
2023-10-15,North,36.34,24.04,0.036,0.064,523.37,10.56,9.68,84.06,337.64
2023-10-15,South,34.74,24.65,0.007,0.082,510.51,10.3,9.72,83.24,333.35
2023-10-15,East,31.77,24.71,-0.029,0.065,514.57,10.33,9.81,81.89,328.51
2023-10-15,West,34.95,24.37,-0.005,0.088,509.38,10.54,10.1,82.19,333.85
2023-10-15,Central,35.86,24.3,-0.009,0.063,510.56,10.25,9.63,82.21,330.92
2023-10-16,North,36.56,23.89,-0.037,0.103,524.31,10.76,9.86,83.71,336.73
2023-10-16,South,31.71,24.6,-0.044,0.083,509.42,10.2,9.66,82.73,332.82
2023-10-16,East,28.07,24.91,-0.08,0.062,513.76,10.53,9.52,81.6,326.37
2023-10-16,West,33.1,24.16,-0.054,0.084,512.7,10.7,10.06,82.29,331.86
2023-10-16,Central,36.24,24.28,-0.05,0.079,513.18,10.38,9.52,81.72,330.5
2023-10-17,North,32.63,24.0,-0.023,0.087,523.04,10.53,9.98,84.07,337.15
2023-10-17,South,28.28,24.66,-0.046,0.111,511.28,10.42,9.76,82.9,332.78
2023-10-17,East,27.95,24.97,-0.081,0.081,516.93,10.56,9.57,81.98,325.9
2023-10-17,West,32.84,24.35,-0.051,0.093,508.13,10.45,9.81,82.62,332.22
2023-10-17,Central,31.91,24.27,-0.066,0.089,512.61,10.12,9.7,82.56,328.91
2023-10-18,North,32.63,24.04,-0.021,0.131,521.45,10.53,10.07,83.76,336.85
2023-10-18,South,28.47,24.92,-0.027,0.098,511.29,10.44,9.69,83.25,333.08
2023-10-18,East,26.34,25.06,-0.07,0.074,516.99,10.4,9.66,81.98,325.38
2023-10-18,West,29.7,24.4,-0.06,0.103,507.03,10.49,9.68,82.65,332.61
2023-10-18,Central,31.75,24.29,-0.051,0.111,513.19,10.18,9.51,82.05,329.67
2023-10-19,North,33.1,24.07,-0.025,0.156,526.22,10.43,9.48,84.07,337.11
2023-10-19,South,27.15,24.73,-0.048,0.18,512.19,10.16,9.38,83.31,333.21
2023-10-19,East,24.44,25.13,-0.062,0.145,516.96,10.52,9.54,82.12,326.5
2023-10-19,West,29.4,24.56,-0.036,0.153,509.51,10.4,10.02,83.25,333.16
2023-10-19,Central,32.52,24.29,-0.045,0.156,516.87,10.09,9.56,82.66,330.0
2023-10-20,North,32.36,24.15,-0.015,0.195,522.62,10.78,9.48,84.57,337.75
2023-10-20,South,27.87,24.88,-0.021,0.189,511.02,10.4,9.71,83.88,333.45
2023-10-20,East,26.41,25.14,-0.051,0.199,515.19,10.44,9.57,81.99,328.25
2023-10-20,West,31.24,24.48,-0.016,0.191,509.55,10.53,9.72,83.05,333.49
2023-10-20,Central,33.08,24.4,-0.032,0.177,514.42,10.39,9.33,82.69,330.19
2023-10-21,North,34.87,24.46,0.005,0.227,520.94,10.88,9.44,84.63,339.71
2023-10-21,South,29.95,24.88,-0.016,0.241,511.64,10.45,9.56,84.07,335.44
2023-10-21,East,27.69,25.25,-0.03,0.219,524.96,10.3,9.51,82.35,329.17
2023-10-21,West,33.92,24.58,-0.013,0.229,505.43,10.56,9.72,83.38,335.9
2023-10-21,Central,33.66,24.41,-0.024,0.213,515.41,10.12,9.4,83.14,331.88
2023-10-22,North,32.05,24.11,0.026,0.281,522.53,10.67,9.53,84.96,339.66
2023-10-22,South,31.6,24.64,0.003,0.266,513.34,10.38,9.73,83.95,336.89
2023-10-22,East,25.97,25.07,-0.028,0.242,517.47,10.47,9.66,82.61,329.19
2023-10-22,West,31.44,24.32,-0.0,0.274,510.79,10.52,9.87,83.62,335.25
2023-10-22,Central,32.49,24.2,-0.026,0.26,516.24,10.35,9.54,82.87,333.5
2023-10-23,North,36.1,24.12,0.029,0.28,522.82,10.61,9.66,85.15,342.25
2023-10-23,South,31.65,24.65,0.019,0.28,509.16,10.46,9.73,83.86,337.37
2023-10-23,East,27.97,24.95,-0.025,0.265,519.56,10.4,9.41,82.7,330.16
2023-10-23,West,33.33,24.17,-0.005,0.276,510.37,10.61,9.77,83.35,336.95
2023-10-23,Central,35.13,24.2,-0.004,0.267,515.01,10.22,9.37,83.28,334.46
2023-10-24,North,36.6,23.64,0.013,0.269,521.53,10.75,9.62,84.51,343.64
2023-10-24,South,33.79,24.45,-0.003,0.279,511.96,10.4,9.85,83.91,339.57
2023-10-24,East,31.71,24.81,-0.024,0.281,517.24,10.47,9.58,82.79,332.48
2023-10-24,West,34.73,24.01,-0.018,0.279,510.46,10.68,9.6,83.48,338.11
2023-10-24,Central,37.29,23.92,-0.003,0.284,515.17,10.26,9.62,83.43,336.52
2023-10-25,North,36.93,23.8,0.006,0.31,522.33,10.67,10.03,84.82,343.34
2023-10-25,South,32.78,24.42,-0.021,0.285,513.37,10.45,9.78,84.14,338.73
2023-10-25,East,29.01,24.66,-0.035,0.279,514.26,10.62,9.39,82.82,331.99
2023-10-25,West,33.99,24.08,-0.007,0.282,505.22,10.69,9.86,83.3,338.15
2023-10-25,Central,37.16,24.05,-0.025,0.296,516.56,10.27,9.33,83.24,336.24
2023-10-26,North,35.23,23.89,0.021,0.304,523.53,10.78,9.5,85.26,342.72
2023-10-26,South,31.02,24.39,0.019,0.295,514.23,10.61,9.65,84.69,337.25
2023-10-26,East,29.56,24.62,-0.02,0.256,512.66,10.63,9.31,82.88,332.12
2023-10-26,West,34.27,23.92,-0.004,0.271,508.73,10.44,9.66,83.8,336.87
2023-10-26,Central,33.18,24.12,-0.024,0.243,516.15,10.1,9.43,84.06,334.47
2023-10-27,North,36.56,23.98,0.026,0.277,524.05,10.91,9.58,85.25,343.19
2023-10-27,South,32.73,24.73,0.019,0.281,516.74,10.53,9.43,84.19,339.34
2023-10-27,East,29.6,24.8,-0.024,0.254,516.38,10.5,9.35,83.11,332.68
2023-10-27,West,35.04,24.25,0.006,0.259,513.31,10.86,9.88,83.82,338.3
2023-10-27,Central,35.36,24.21,-0.011,0.248,514.71,10.22,9.15,83.99,335.91
2023-10-28,North,37.11,24.01,0.019,0.276,525.06,10.64,9.7,85.69,342.66
2023-10-28,South,34.2,24.9,0.017,0.247,512.95,10.3,9.67,84.51,339.55
2023-10-28,East,29.29,24.99,-0.027,0.233,516.53,10.56,9.43,83.27,331.36
2023-10-28,West,34.33,24.37,0.015,0.245,509.99,10.49,9.68,84.32,336.99
2023-10-28,Central,35.66,24.23,-0.008,0.254,513.12,10.49,9.36,83.58,335.42
2023-10-29,North,35.71,24.26,0.001,0.271,521.09,11.05,9.49,85.55,341.23
2023-10-29,South,31.15,24.78,0.01,0.265,511.37,10.37,9.41,84.88,337.64
2023-10-29,East,29.23,25.09,-0.025,0.226,518.31,10.67,9.44,83.43,330.12
2023-10-29,West,33.53,24.41,-0.009,0.25,507.11,10.74,9.77,84.27,336.08
2023-10-29,Central,35.46,24.31,-0.021,0.243,518.36,10.24,9.05,83.94,334.1
2023-10-30,North,35.37,24.11,-0.005,0.261,521.2,10.75,9.53,85.78,340.16
2023-10-30,South,31.09,24.81,-0.007,0.235,513.66,10.46,9.54,85.16,336.47
2023-10-30,East,29.78,24.92,-0.029,0.237,517.56,10.64,9.16,83.83,330.38
2023-10-30,West,33.8,24.39,-0.013,0.227,511.29,10.7,9.69,84.32,336.64
2023-10-30,Central,35.7,24.31,-0.036,0.239,514.09,10.43,9.27,83.98,334.19
2023-10-31,North,32.44,24.18,0.002,0.237,523.94,10.65,9.4,86.12,338.07
2023-10-31,South,29.61,24.79,-0.028,0.234,515.81,10.34,9.46,84.96,333.86
2023-10-31,East,26.22,25.0,-0.028,0.203,517.54,10.86,9.49,83.12,327.87
2023-10-31,West,32.63,24.52,-0.014,0.23,512.54,10.51,9.61,84.11,334.96
2023-10-31,Central,32.42,24.4,-0.022,0.224,518.38,10.46,9.49,83.78,332.05
2023-11-01,North,30.62,24.16,-0.017,0.255,524.09,10.69,9.5,85.24,338.32
2023-11-01,South,28.55,24.87,-0.042,0.239,513.33,10.48,9.3,84.51,335.59
2023-11-01,East,24.24,25.1,-0.06,0.229,517.39,10.53,9.31,83.45,326.77
2023-11-01,West,29.44,24.37,-0.048,0.209,510.53,10.74,9.7,83.91,334.5
2023-11-01,Central,30.29,24.3,-0.044,0.224,512.47,10.59,9.12,83.74,331.83
2023-11-02,North,31.51,24.08,-0.045,0.234,522.75,10.71,9.71,85.46,338.16
2023-11-02,South,29.33,24.76,-0.044,0.23,514.76,10.67,9.36,84.58,334.22
2023-11-02,East,23.69,24.93,-0.099,0.218,514.4,10.54,8.96,83.51,327.1
2023-11-02,West,31.15,24.42,-0.055,0.216,509.72,10.8,9.76,84.26,332.3
2023-11-02,Central,31.15,24.41,-0.074,0.187,517.54,10.38,9.31,83.79,330.64
2023-11-03,North,30.6,24.31,-0.036,0.182,523.36,10.88,9.52,86.06,336.82
2023-11-03,South,25.53,24.88,-0.044,0.184,515.5,10.44,9.5,84.85,332.74
2023-11-03,East,23.96,25.23,-0.075,0.156,519.49,10.6,9.34,83.08,325.2
2023-11-03,West,29.26,24.59,-0.057,0.186,509.27,10.58,9.42,84.42,333.37
2023-11-03,Central,29.26,24.46,-0.071,0.179,513.19,10.43,9.36,83.94,330.64
2023-11-04,North,37.35,24.2,-0.054,0.151,523.24,10.95,9.47,85.2,338.93
2023-11-04,South,32.23,24.88,-0.062,0.153,517.18,10.41,9.36,84.9,332.58
2023-11-04,East,30.32,25.17,-0.077,0.136,517.41,10.62,9.41,83.75,328.48
2023-11-04,West,33.23,24.49,-0.073,0.167,514.02,10.72,9.66,84.8,333.82
2023-11-04,Central,34.68,24.25,-0.074,0.151,519.38,10.37,9.24,83.78,331.45
2023-11-05,North,33.25,24.21,-0.016,0.133,522.99,10.62,9.45,85.44,337.8
2023-11-05,South,29.35,24.95,-0.024,0.149,518.33,10.44,9.4,84.9,333.41
2023-11-05,East,24.97,25.22,-0.068,0.14,522.87,10.8,9.37,83.66,326.95
2023-11-05,West,30.83,24.57,-0.042,0.138,513.74,10.44,9.64,84.64,333.36
2023-11-05,Central,31.52,24.44,-0.054,0.144,518.09,10.44,9.43,84.02,330.74
2023-11-06,North,31.28,24.48,-0.024,0.146,524.24,10.6,9.72,85.7,337.16
2023-11-06,South,28.44,25.09,-0.038,0.132,514.83,10.6,9.25,84.99,332.77
2023-11-06,East,23.28,25.25,-0.033,0.116,519.76,10.51,9.17,83.74,325.15
2023-11-06,West,31.3,24.81,-0.043,0.122,507.18,10.53,9.73,84.58,332.07
2023-11-06,Central,29.26,24.56,-0.057,0.138,517.89,10.22,9.42,84.54,329.08
2023-11-07,North,33.1,24.24,0.002,0.162,524.84,10.8,9.34,85.33,338.26
2023-11-07,South,28.79,24.95,-0.02,0.148,514.52,10.64,9.55,84.79,333.65
2023-11-07,East,24.87,25.19,-0.037,0.125,519.16,10.67,9.39,83.54,326.78
2023-11-07,West,30.64,24.73,-0.03,0.163,510.92,10.96,9.41,84.23,332.24
2023-11-07,Central,31.98,24.39,-0.035,0.13,520.74,10.58,9.34,83.62,331.25
2023-11-08,North,35.16,24.38,-0.007,0.157,528.25,10.81,9.61,85.91,339.26
2023-11-08,South,30.16,25.26,-0.037,0.153,520.78,10.72,9.38,84.92,334.55
2023-11-08,East,28.48,25.34,-0.049,0.156,523.7,10.64,9.32,83.57,327.79
2023-11-08,West,33.47,24.75,-0.018,0.143,513.41,10.66,9.7,85.03,333.82
2023-11-08,Central,33.15,24.82,-0.05,0.143,518.04,10.44,9.44,83.43,330.99
2023-11-09,North,33.5,24.66,-0.017,0.195,525.82,10.77,9.6,85.88,338.33
2023-11-09,South,31.54,25.24,-0.012,0.187,518.33,10.57,9.33,84.9,335.62
2023-11-09,East,25.75,25.34,-0.049,0.162,524.41,10.7,9.49,83.56,328.15
2023-11-09,West,34.01,24.84,-0.031,0.171,514.99,10.68,9.55,84.47,334.18
2023-11-09,Central,33.16,24.71,-0.032,0.186,519.57,10.56,9.12,84.1,331.96
2023-11-10,North,35.24,24.63,0.009,0.21,520.97,10.87,9.44,85.61,339.85
2023-11-10,South,30.96,25.25,-0.02,0.206,514.77,10.66,9.34,84.94,334.33
2023-11-10,East,30.38,25.38,-0.051,0.18,518.49,10.66,9.33,83.97,328.13
2023-11-10,West,31.74,24.83,-0.032,0.209,511.43,10.87,9.53,84.52,335.32
2023-11-10,Central,32.67,24.78,-0.002,0.178,521.87,10.43,9.2,84.17,331.16
2023-11-11,North,32.45,24.39,0.016,0.246,526.8,10.9,9.46,85.98,338.96
2023-11-11,South,30.69,25.02,0.003,0.227,517.8,10.28,9.71,85.07,334.93
2023-11-11,East,26.28,25.29,-0.008,0.229,519.4,10.48,9.29,83.75,327.54
2023-11-11,West,30.4,24.78,-0.004,0.228,514.74,10.78,9.84,84.69,334.21
2023-11-11,Central,31.88,24.61,-0.012,0.21,517.73,10.65,9.19,84.96,331.47
2023-11-12,North,31.83,24.32,0.018,0.234,527.28,10.79,9.47,85.7,338.24
2023-11-12,South,25.69,25.02,-0.004,0.237,517.32,10.45,9.41,85.01,334.16
2023-11-12,East,24.97,25.18,-0.031,0.201,520.46,10.56,9.48,84.32,327.33
2023-11-12,West,29.52,24.59,-0.005,0.245,513.22,10.85,9.44,84.82,332.75
2023-11-12,Central,29.56,24.54,-0.013,0.235,518.13,10.4,9.41,84.71,331.48
2023-11-13,North,30.38,24.32,0.019,0.261,522.19,11.05,9.55,85.62,338.32
2023-11-13,South,25.73,24.98,0.019,0.24,515.79,10.43,9.49,85.35,334.63
2023-11-13,East,24.01,25.26,0.01,0.235,520.55,10.4,9.37,84.51,327.39
2023-11-13,West,28.19,24.55,0.006,0.239,512.82,10.98,9.66,85.03,332.62
2023-11-13,Central,28.09,24.46,0.016,0.225,519.16,10.33,9.2,84.54,330.14
2023-11-14,North,29.52,24.4,0.014,0.279,528.08,10.85,9.5,86.69,337.09
2023-11-14,South,22.77,25.05,0.016,0.248,517.85,10.53,9.3,85.68,332.28
2023-11-14,East,20.75,25.4,-0.004,0.25,522.22,10.81,9.35,84.1,326.15
2023-11-14,West,24.25,24.68,-0.007,0.243,510.18,10.76,9.55,85.11,332.63
2023-11-14,Central,27.11,24.6,0.014,0.248,513.87,10.31,9.41,84.7,330.15
2023-11-15,North,28.82,24.51,0.048,0.288,524.95,11.02,9.53,86.96,337.07
2023-11-15,South,24.06,24.98,0.028,0.286,515.69,10.79,9.39,85.72,335.22
2023-11-15,East,20.92,25.07,-0.022,0.258,522.71,10.78,9.37,84.35,327.14
2023-11-15,West,26.62,24.55,0.03,0.269,514.38,10.82,9.57,85.39,332.7
2023-11-15,Central,26.63,24.49,0.018,0.274,517.48,10.66,9.56,84.79,330.65
2023-11-16,North,24.29,24.46,0.043,0.285,529.38,10.91,9.61,86.52,336.89
2023-11-16,South,22.69,24.97,0.034,0.255,516.71,10.71,9.31,85.67,332.57
2023-11-16,East,19.2,25.22,0.001,0.252,526.24,10.7,9.37,85.03,325.9
2023-11-16,West,24.86,24.7,0.029,0.285,515.71,10.82,9.78,85.58,330.43
2023-11-16,Central,24.19,24.63,0.016,0.253,518.41,10.5,9.42,84.86,327.76
2023-11-17,North,24.57,24.19,0.025,0.312,526.3,10.99,9.78,86.88,334.61
2023-11-17,South,21.98,25.13,0.024,0.287,516.01,10.72,9.32,85.94,332.85
2023-11-17,East,19.45,25.11,-0.015,0.268,520.1,10.88,9.24,84.74,325.47
2023-11-17,West,22.4,24.56,0.001,0.321,514.05,10.93,9.9,85.44,330.85
2023-11-17,Central,22.04,24.39,-0.024,0.299,521.77,10.5,9.47,85.23,327.73
2023-11-18,North,24.03,24.19,0.033,0.259,529.87,10.95,9.45,86.67,334.53
2023-11-18,South,20.55,24.91,0.031,0.275,517.94,10.59,9.67,85.5,331.0
2023-11-18,East,18.34,24.98,-0.031,0.256,520.93,10.61,9.5,84.51,326.01
2023-11-18,West,21.52,24.41,0.021,0.215,512.66,10.87,9.51,85.2,330.39
2023-11-18,Central,24.89,24.54,-0.001,0.24,518.03,10.55,9.22,85.18,328.69
2023-11-19,North,26.52,24.22,0.04,0.269,531.09,11.02,9.42,86.35,339.38
2023-11-19,South,20.88,24.95,0.025,0.236,518.76,10.51,9.37,85.7,332.69
2023-11-19,East,18.09,25.2,-0.012,0.25,524.64,10.66,9.43,84.24,326.82
2023-11-19,West,24.24,24.66,0.011,0.226,511.64,11.19,9.78,85.36,331.54
2023-11-19,Central,22.56,24.54,0.015,0.237,519.76,10.51,9.51,84.64,330.34
2023-11-20,North,27.2,24.61,0.057,0.251,529.08,11.24,9.71,86.12,338.27
2023-11-20,South,22.13,25.44,0.042,0.241,520.81,10.55,9.37,86.03,334.04
2023-11-20,East,20.15,25.56,0.01,0.232,523.03,10.75,9.37,84.44,326.88
2023-11-20,West,23.69,24.96,0.039,0.232,515.42,10.86,9.74,85.74,334.23
2023-11-20,Central,25.93,24.9,0.03,0.206,521.84,10.63,9.19,84.91,330.96
2023-11-21,North,29.15,24.49,0.077,0.267,526.62,11.09,9.74,87.21,338.66
2023-11-21,South,24.04,25.32,0.066,0.25,513.36,10.55,9.42,86.06,333.72
2023-11-21,East,21.87,25.37,0.024,0.247,525.3,10.69,9.36,84.78,327.98
2023-11-21,West,26.65,24.73,0.049,0.253,512.7,10.86,9.59,85.51,332.35
2023-11-21,Central,28.01,24.53,0.021,0.268,519.46,10.65,9.36,85.43,330.88
2023-11-22,North,31.56,24.68,0.062,0.29,525.42,10.98,9.65,87.04,338.97
2023-11-22,South,27.04,25.38,0.061,0.291,523.08,10.87,9.52,86.42,336.07
2023-11-22,East,22.73,25.49,0.004,0.276,521.45,10.76,9.39,84.62,329.35
2023-11-22,West,28.04,25.06,0.052,0.293,518.37,10.74,9.66,86.0,334.45
2023-11-22,Central,29.35,24.85,0.031,0.285,524.29,10.48,9.41,85.64,331.12
2023-11-23,North,32.32,24.67,0.063,0.268,530.96,11.11,9.27,87.0,340.13
2023-11-23,South,28.79,25.52,0.046,0.268,518.66,10.81,9.5,86.42,335.59
2023-11-23,East,24.84,25.68,0.014,0.227,523.99,10.79,9.4,84.45,329.66
2023-11-23,West,28.56,25.01,0.016,0.258,517.26,10.9,9.71,85.71,335.19
2023-11-23,Central,29.9,24.88,0.012,0.251,523.92,10.59,9.65,85.76,332.7
2023-11-24,North,36.32,24.73,0.066,0.299,528.29,10.96,9.5,87.37,341.51
2023-11-24,South,29.86,25.44,0.039,0.288,519.07,10.44,9.4,86.11,337.65
2023-11-24,East,25.67,25.62,0.008,0.294,522.99,10.69,9.21,84.94,330.1
2023-11-24,West,34.74,25.1,0.027,0.279,517.32,10.86,9.47,85.93,336.29
2023-11-24,Central,32.48,24.88,0.044,0.294,519.55,10.41,9.52,85.82,334.85
2023-11-25,North,35.68,24.67,0.068,0.244,528.3,10.93,9.68,86.87,342.08
2023-11-25,South,31.37,25.52,0.051,0.267,516.95,10.8,9.5,86.31,337.23
2023-11-25,East,28.53,25.55,0.029,0.261,526.26,10.73,9.39,84.79,331.33
2023-11-25,West,32.64,25.11,0.045,0.246,519.58,11.16,9.89,85.96,336.79
2023-11-25,Central,33.54,25.07,0.057,0.267,527.59,10.65,9.14,85.67,333.57
2023-11-26,North,36.7,24.87,0.057,0.233,529.01,11.29,9.58,87.2,342.71
2023-11-26,South,29.06,25.6,0.047,0.23,515.82,10.67,9.21,86.35,337.07
2023-11-26,East,26.47,25.7,0.036,0.217,526.5,10.82,9.61,85.22,330.33
2023-11-26,West,34.26,25.08,0.04,0.224,516.99,10.93,9.84,85.48,338.51
2023-11-26,Central,34.08,25.09,0.036,0.21,522.55,10.71,9.4,85.62,334.47
2023-11-27,North,37.12,24.78,0.081,0.262,533.22,11.09,9.55,87.35,342.72
2023-11-27,South,32.38,25.5,0.077,0.233,517.96,10.93,9.61,86.4,337.5
2023-11-27,East,28.93,25.81,0.051,0.208,525.2,10.78,9.66,85.29,330.46
2023-11-27,West,35.11,25.22,0.058,0.22,513.19,11.07,9.54,85.96,336.46
2023-11-27,Central,36.2,25.19,0.054,0.237,522.33,10.54,9.25,85.83,334.08
2023-11-28,North,35.26,25.23,0.08,0.249,528.22,10.99,9.64,88.07,343.16
2023-11-28,South,32.7,25.64,0.05,0.228,518.98,10.81,9.5,86.36,340.41
2023-11-28,East,29.28,25.95,0.011,0.222,523.95,10.88,9.24,85.28,332.96
2023-11-28,West,33.46,25.31,0.062,0.215,519.71,11.07,9.67,86.3,338.63
2023-11-28,Central,34.42,25.28,0.039,0.22,522.84,10.69,9.37,85.57,336.76
2023-11-29,North,35.26,24.94,0.056,0.199,529.14,11.14,9.63,87.04,343.08
2023-11-29,South,30.94,25.57,0.068,0.186,519.91,11.02,9.61,86.38,337.78
2023-11-29,East,28.02,25.89,0.03,0.176,525.75,11.03,9.56,84.92,332.34
2023-11-29,West,32.34,25.35,0.061,0.196,519.35,10.91,9.78,85.89,339.3
2023-11-29,Central,36.64,25.32,0.017,0.193,524.06,10.57,9.52,85.36,337.0
2023-11-30,North,35.58,25.0,0.1,0.214,534.24,10.84,9.69,87.22,343.68
2023-11-30,South,30.86,25.78,0.095,0.202,517.39,10.71,9.61,86.76,340.48
2023-11-30,East,29.88,25.85,0.044,0.198,525.54,10.6,9.44,85.63,333.55
2023-11-30,West,33.55,25.38,0.077,0.208,519.48,10.87,9.68,86.23,337.9
2023-11-30,Central,34.43,25.38,0.06,0.216,524.27,10.79,9.68,85.96,336.14
2023-12-01,North,33.7,25.1,0.099,0.234,534.12,11.16,9.82,87.84,343.85
2023-12-01,South,29.72,25.79,0.103,0.232,519.99,10.73,9.54,86.87,339.46
2023-12-01,East,28.7,26.0,0.073,0.219,521.8,11.16,9.42,85.42,333.76
2023-12-01,West,32.68,25.26,0.082,0.224,518.9,10.83,9.79,86.73,338.84
2023-12-01,Central,33.43,25.52,0.065,0.216,519.93,10.8,9.7,86.21,335.7
2023-12-02,North,36.0,24.97,0.098,0.249,530.16,11.3,9.67,87.93,345.02
2023-12-02,South,31.38,25.68,0.083,0.272,519.29,10.82,9.57,86.73,341.33
2023-12-02,East,26.69,25.9,0.067,0.231,526.42,10.98,9.57,85.87,332.73
2023-12-02,West,33.07,25.44,0.069,0.22,518.49,10.88,9.73,86.59,340.98
2023-12-02,Central,34.42,25.17,0.067,0.233,522.08,10.87,9.53,86.05,336.94
2023-12-03,North,34.9,24.93,0.128,0.254,532.7,11.1,9.9,87.92,345.05
2023-12-03,South,32.19,25.64,0.111,0.249,521.88,10.9,9.31,87.12,341.01
2023-12-03,East,28.79,25.83,0.081,0.214,524.98,10.78,9.47,85.46,335.98
2023-12-03,West,32.78,25.3,0.089,0.236,519.73,10.89,9.66,86.53,341.53
2023-12-03,Central,35.46,25.01,0.085,0.231,525.92,10.71,9.29,86.2,337.95
2023-12-04,North,34.41,25.12,0.111,0.237,532.61,10.95,9.89,87.91,344.26
2023-12-04,South,29.59,25.8,0.105,0.228,522.32,10.92,9.58,86.94,340.15
2023-12-04,East,29.5,25.9,0.084,0.245,524.59,11.02,9.68,85.91,333.91
2023-12-04,West,32.16,25.38,0.1,0.236,517.76,10.94,10.1,86.45,340.96
2023-12-04,Central,33.6,25.27,0.077,0.221,527.31,10.55,9.23,86.47,336.72
2023-12-05,North,32.97,25.19,0.067,0.252,533.59,11.26,9.78,88.02,344.01
2023-12-05,South,29.16,25.97,0.059,0.246,520.24,10.96,9.72,86.85,340.46
2023-12-05,East,26.53,26.2,0.047,0.234,527.45,11.04,9.6,85.95,333.36
2023-12-05,West,32.55,25.35,0.056,0.236,514.95,11.07,9.77,86.37,339.11
2023-12-05,Central,33.59,25.24,0.067,0.229,526.69,10.68,9.61,86.34,337.45
2023-12-06,North,32.96,25.1,0.075,0.294,534.02,11.11,9.75,88.19,342.63
2023-12-06,South,30.1,25.93,0.056,0.281,523.57,10.55,9.64,87.44,338.53
2023-12-06,East,24.2,26.11,0.03,0.268,526.99,10.99,9.61,86.23,332.57
2023-12-06,West,32.28,25.42,0.056,0.281,520.67,11.09,10.05,87.42,338.51
2023-12-06,Central,31.79,25.48,0.017,0.28,528.3,10.82,9.58,86.74,336.5
2023-12-07,North,36.14,25.22,0.076,0.22,533.74,11.05,9.83,87.75,344.87
2023-12-07,South,30.57,25.82,0.058,0.205,522.02,10.83,9.91,87.36,338.97
2023-12-07,East,29.95,25.99,0.028,0.208,524.95,10.97,9.55,86.31,332.89
2023-12-07,West,31.84,25.49,0.046,0.214,520.94,10.77,9.81,86.8,338.92
2023-12-07,Central,35.27,25.22,0.049,0.2,530.63,10.74,9.6,86.73,336.32
2023-12-08,North,34.63,25.07,0.062,0.215,535.68,11.29,9.78,88.31,343.72
2023-12-08,South,31.33,25.85,0.05,0.206,519.67,10.88,9.7,87.99,339.49
2023-12-08,East,29.53,25.94,0.034,0.203,527.46,10.78,9.96,86.25,333.57
2023-12-08,West,32.44,25.42,0.041,0.188,521.35,10.85,10.02,87.27,340.01
2023-12-08,Central,34.78,25.29,0.032,0.201,525.8,10.49,9.56,86.77,336.15
2023-12-09,North,34.56,24.96,0.053,0.223,535.62,11.23,9.88,88.11,343.31
2023-12-09,South,31.39,25.8,0.053,0.194,523.3,10.83,9.87,87.6,339.85
2023-12-09,East,27.43,26.04,0.031,0.204,530.26,11.04,9.63,86.2,332.52
2023-12-09,West,32.21,25.43,0.034,0.199,519.63,10.69,9.89,87.15,339.44
2023-12-09,Central,35.03,25.29,0.038,0.185,527.33,10.76,9.5,86.59,337.1
2023-12-10,North,37.18,24.92,0.089,0.179,532.84,11.23,10.0,88.24,344.59
2023-12-10,South,32.06,25.58,0.071,0.19,525.79,10.98,9.9,87.65,340.3
2023-12-10,East,30.58,25.72,0.058,0.178,525.82,10.96,9.81,85.67,333.53
2023-12-10,West,33.24,25.01,0.075,0.205,521.41,11.08,9.87,87.01,338.74
2023-12-10,Central,34.84,25.22,0.059,0.194,526.18,10.74,9.73,86.51,334.96
2023-12-11,North,36.16,24.91,0.081,0.205,539.02,11.27,10.15,88.22,344.94
2023-12-11,South,31.95,25.55,0.081,0.155,527.39,10.63,9.91,87.66,340.52
2023-12-11,East,29.24,25.71,0.061,0.187,528.75,10.78,9.55,86.52,333.57
2023-12-11,West,33.39,25.04,0.073,0.17,521.94,11.18,9.98,86.76,340.64
2023-12-11,Central,36.1,25.11,0.065,0.208,528.47,11.09,9.86,87.05,336.94
2023-12-12,North,34.52,24.83,0.08,0.191,535.07,11.11,9.84,88.8,343.05
2023-12-12,South,29.32,25.6,0.073,0.195,522.41,10.84,9.81,87.7,339.1
2023-12-12,East,27.44,25.84,0.051,0.165,528.96,10.86,9.73,86.6,331.93
2023-12-12,West,34.36,25.25,0.064,0.177,521.75,10.99,9.94,87.55,337.95
2023-12-12,Central,34.57,25.12,0.064,0.195,526.01,10.91,9.76,87.29,336.83
2023-12-13,North,36.42,25.13,0.115,0.168,535.32,10.97,9.95,88.64,344.17
2023-12-13,South,31.45,25.76,0.086,0.178,525.51,10.77,9.87,87.93,340.57
2023-12-13,East,29.55,26.02,0.056,0.162,529.28,10.98,9.93,86.31,333.25
2023-12-13,West,35.73,25.43,0.079,0.179,525.12,10.82,10.16,87.29,340.46
2023-12-13,Central,35.81,25.39,0.062,0.169,531.05,10.78,9.77,87.31,336.78
2023-12-14,North,37.14,25.46,0.108,0.196,536.78,10.95,10.12,88.48,345.61
2023-12-14,South,31.71,26.19,0.061,0.176,525.2,11.02,10.03,87.97,341.6
2023-12-14,East,30.49,26.44,0.052,0.177,530.41,11.06,9.6,86.59,335.22
2023-12-14,West,35.12,25.63,0.081,0.162,522.18,11.0,9.96,87.26,340.92
2023-12-14,Central,36.42,25.73,0.066,0.17,529.59,10.81,9.41,87.34,338.44
2023-12-15,North,34.65,25.43,0.109,0.217,537.89,10.99,10.05,89.1,345.56
2023-12-15,South,32.16,26.02,0.073,0.199,527.66,10.86,9.88,87.92,341.85
2023-12-15,East,28.33,26.31,0.063,0.205,528.79,10.99,9.56,86.87,335.36
2023-12-15,West,34.23,25.63,0.074,0.238,528.5,11.08,10.01,87.85,341.84
2023-12-15,Central,33.33,25.49,0.051,0.207,529.98,10.8,9.92,87.29,338.15
2023-12-16,North,38.39,25.64,0.096,0.211,537.49,11.32,9.97,88.89,346.18
2023-12-16,South,32.15,26.38,0.089,0.189,525.16,10.84,10.12,88.36,341.75
2023-12-16,East,29.24,26.47,0.041,0.211,529.17,11.16,9.82,86.81,335.37
2023-12-16,West,34.08,26.01,0.077,0.201,524.49,11.03,10.07,87.85,340.59
2023-12-16,Central,35.95,25.92,0.057,0.201,527.29,10.76,9.82,87.56,338.94
2023-12-17,North,39.62,25.56,0.138,0.187,534.65,11.39,9.99,89.02,347.13
2023-12-17,South,33.5,26.3,0.109,0.194,525.02,10.76,9.75,88.17,343.47
2023-12-17,East,31.93,26.5,0.105,0.178,537.14,11.06,9.84,87.08,336.91
2023-12-17,West,36.71,25.89,0.127,0.192,523.09,10.97,9.9,88.08,342.2
2023-12-17,Central,37.94,25.93,0.096,0.183,530.39,10.66,9.88,87.51,339.0
2023-12-18,North,39.43,25.6,0.097,0.23,537.84,11.13,10.01,89.08,345.62
2023-12-18,South,35.96,26.27,0.105,0.197,527.22,10.78,9.97,88.03,341.52
2023-12-18,East,32.29,26.47,0.048,0.16,528.63,10.94,9.76,86.82,335.3
2023-12-18,West,37.34,25.87,0.101,0.192,523.95,11.1,10.06,87.73,341.28
2023-12-18,Central,37.58,25.85,0.075,0.211,525.54,10.8,9.84,87.32,338.75
2023-12-19,North,38.13,25.81,0.108,0.21,538.44,11.09,10.08,89.23,345.66
2023-12-19,South,32.9,26.27,0.1,0.223,523.25,10.79,9.89,88.44,341.27
2023-12-19,East,29.69,26.66,0.062,0.187,530.24,11.01,9.85,87.1,335.34
2023-12-19,West,37.65,26.01,0.055,0.201,522.49,10.95,10.1,88.17,340.77
2023-12-19,Central,37.5,25.81,0.057,0.216,527.13,10.73,10.11,87.49,338.55
2023-12-20,North,39.21,25.71,0.095,0.185,540.71,10.93,9.99,89.34,345.74
2023-12-20,South,34.67,26.47,0.094,0.193,523.47,10.9,9.99,88.49,341.57
2023-12-20,East,32.21,26.59,0.061,0.168,529.87,10.8,9.66,87.28,335.82
2023-12-20,West,36.08,25.93,0.102,0.185,527.72,11.1,10.29,88.14,340.59
2023-12-20,Central,38.22,25.81,0.082,0.163,531.27,10.75,9.94,87.94,339.58
2023-12-21,North,40.6,25.77,0.094,0.211,539.57,10.95,10.3,89.37,346.69
2023-12-21,South,34.19,26.52,0.085,0.198,525.76,10.84,9.98,88.91,343.22
2023-12-21,East,31.93,26.56,0.051,0.175,535.93,11.01,9.86,87.2,336.38
2023-12-21,West,36.16,26.01,0.079,0.192,524.66,10.95,10.39,88.42,342.33
2023-12-21,Central,37.11,25.92,0.061,0.162,529.73,10.68,9.92,87.88,339.14
2023-12-22,North,41.07,25.66,0.1,0.193,539.02,11.0,10.32,89.91,347.09
2023-12-22,South,38.01,26.43,0.107,0.188,529.09,11.05,10.09,89.04,344.6
2023-12-22,East,34.3,26.57,0.081,0.156,531.13,11.15,9.75,87.63,336.05
2023-12-22,West,41.78,26.04,0.085,0.155,526.46,10.99,10.23,88.55,343.73
2023-12-22,Central,41.11,25.96,0.089,0.173,530.09,10.77,10.02,87.9,340.74
2023-12-23,North,41.55,25.52,0.142,0.226,539.86,11.06,10.15,90.04,348.79
2023-12-23,South,38.41,26.47,0.115,0.211,526.38,10.79,10.09,88.93,345.49
2023-12-23,East,35.99,26.53,0.089,0.212,535.14,11.16,9.91,87.81,337.45
2023-12-23,West,40.03,26.07,0.124,0.213,527.86,11.07,10.39,88.73,345.0
2023-12-23,Central,40.56,25.79,0.106,0.206,529.12,10.82,9.9,88.14,341.33
2023-12-24,North,38.58,25.25,0.144,0.234,535.64,11.16,10.26,89.89,346.67
2023-12-24,South,35.52,26.07,0.116,0.237,527.91,11.02,10.04,88.95,343.25
2023-12-24,East,32.34,26.35,0.103,0.204,531.87,11.13,10.05,87.78,334.97
2023-12-24,West,36.1,25.61,0.109,0.23,523.71,11.01,10.15,88.62,343.53
2023-12-24,Central,38.48,25.7,0.099,0.208,531.27,10.59,10.08,88.32,339.5
2023-12-25,North,40.07,25.4,0.132,0.25,540.25,11.13,10.26,90.27,347.29
2023-12-25,South,36.1,26.24,0.136,0.266,528.1,10.82,10.14,89.05,343.43
2023-12-25,East,30.88,26.39,0.084,0.237,539.31,10.9,10.1,88.07,337.09
2023-12-25,West,36.63,25.75,0.128,0.235,529.76,11.03,10.23,88.81,344.15
2023-12-25,Central,38.68,25.68,0.114,0.252,535.95,10.91,9.94,88.84,339.27
2023-12-26,North,42.77,25.6,0.142,0.265,536.81,11.29,10.35,90.08,348.85
2023-12-26,South,38.5,26.23,0.131,0.22,528.27,10.95,10.06,89.08,344.84
2023-12-26,East,36.24,26.46,0.089,0.213,534.46,10.85,10.04,87.89,338.73
2023-12-26,West,41.91,25.8,0.126,0.239,527.57,10.9,10.55,88.76,345.12
2023-12-26,Central,42.17,25.68,0.118,0.235,531.52,10.96,9.93,87.96,341.17
2023-12-27,North,45.15,25.57,0.137,0.248,541.16,11.03,10.47,90.01,351.78
2023-12-27,South,40.78,26.15,0.131,0.213,529.33,11.07,10.26,89.28,346.96
2023-12-27,East,38.06,26.4,0.113,0.209,532.93,10.95,9.98,87.96,341.98
2023-12-27,West,42.95,25.81,0.117,0.21,533.24,11.29,10.52,89.08,346.87
2023-12-27,Central,44.58,25.7,0.132,0.218,531.37,10.76,10.14,87.61,345.06
2023-12-28,North,49.64,25.35,0.124,0.203,537.02,11.39,10.3,90.43,354.05
2023-12-28,South,43.06,26.36,0.133,0.224,530.63,10.83,10.24,89.31,347.68
2023-12-28,East,41.9,26.41,0.11,0.195,534.03,10.96,10.01,87.86,342.59
2023-12-28,West,45.23,26.05,0.134,0.207,524.65,11.07,10.38,88.69,348.74
2023-12-28,Central,48.48,25.92,0.114,0.201,537.01,10.65,10.25,88.19,344.81
2023-12-29,North,44.81,25.75,0.139,0.218,539.37,11.39,10.05,90.28,350.58
2023-12-29,South,42.5,26.38,0.13,0.193,527.3,11.05,10.08,88.94,347.67
2023-12-29,East,40.06,26.54,0.097,0.181,535.43,11.1,10.06,87.6,340.55
2023-12-29,West,44.61,26.09,0.119,0.192,527.67,11.17,10.46,88.76,347.62
2023-12-29,Central,44.47,25.99,0.104,0.215,534.45,10.98,10.23,88.55,342.86
2023-12-30,North,48.04,25.66,0.141,0.229,543.37,11.2,10.4,90.63,353.44
2023-12-30,South,44.6,26.46,0.131,0.228,531.69,10.87,10.22,89.24,348.74
2023-12-30,East,40.33,26.53,0.111,0.22,533.2,11.02,10.22,88.11,342.02
2023-12-30,West,43.11,26.08,0.121,0.246,529.87,11.01,10.49,89.21,348.52
2023-12-30,Central,45.92,25.93,0.116,0.209,532.34,10.8,10.1,88.59,346.33
2023-12-31,North,46.35,25.64,0.154,0.274,544.14,11.08,10.29,90.64,352.42
2023-12-31,South,40.96,26.53,0.166,0.284,531.69,10.8,10.18,89.6,348.81
2023-12-31,East,38.76,26.5,0.127,0.261,539.63,10.96,10.04,88.43,341.77
2023-12-31,West,43.64,26.12,0.136,0.252,528.23,11.04,10.37,88.89,348.41
2023-12-31,Central,44.32,25.94,0.144,0.225,533.09,10.81,10.3,88.65,345.91
2024-01-01,North,47.05,25.87,0.168,0.227,542.65,11.24,10.13,90.61,352.5
2024-01-01,South,41.93,26.56,0.136,0.244,531.34,11.16,10.11,89.8,348.5
2024-01-01,East,40.74,26.72,0.113,0.21,537.14,11.1,9.97,88.42,342.69
2024-01-01,West,44.8,26.24,0.129,0.211,528.84,11.01,10.36,89.12,348.34
2024-01-01,Central,46.03,26.1,0.127,0.213,536.86,10.69,9.94,89.13,345.02
2024-01-02,North,43.11,26.15,0.136,0.23,541.91,11.12,10.3,90.76,351.21
2024-01-02,South,41.38,26.64,0.123,0.22,530.61,10.72,10.15,89.66,348.32
2024-01-02,East,35.07,27.0,0.086,0.225,535.02,11.05,10.01,88.59,340.85
2024-01-02,West,41.21,26.33,0.105,0.233,527.18,11.04,10.39,89.3,346.93
2024-01-02,Central,42.18,26.22,0.099,0.185,535.56,10.84,9.97,89.2,344.3
2024-01-03,North,44.13,26.3,0.117,0.208,543.45,11.24,10.25,90.72,350.81
2024-01-03,South,39.35,26.85,0.103,0.231,530.87,10.79,10.03,90.32,346.17
2024-01-03,East,36.98,27.04,0.08,0.219,538.36,11.11,10.0,88.62,338.97
2024-01-03,West,42.04,26.5,0.089,0.249,530.08,10.86,10.51,89.91,344.6
2024-01-03,Central,41.55,26.48,0.088,0.201,536.76,10.74,10.26,88.83,343.25
2024-01-04,North,45.02,26.18,0.157,0.272,546.47,11.11,10.34,90.99,350.56
2024-01-04,South,37.65,26.98,0.114,0.235,531.76,10.82,10.28,89.73,345.51
2024-01-04,East,36.42,27.2,0.1,0.23,535.53,10.98,10.05,88.55,339.63
2024-01-04,West,40.59,26.61,0.115,0.221,529.24,11.01,10.4,89.19,345.18
2024-01-04,Central,42.08,26.64,0.104,0.216,535.6,10.89,10.33,89.09,342.2
2024-01-05,North,44.73,26.56,0.147,0.203,541.13,11.26,10.48,90.8,352.11
2024-01-05,South,40.25,27.24,0.125,0.186,531.73,10.92,10.55,90.1,347.21
2024-01-05,East,37.59,27.36,0.107,0.18,540.43,10.96,10.3,88.86,339.9
2024-01-05,West,42.09,26.76,0.141,0.19,532.08,11.04,10.54,89.74,345.44
2024-01-05,Central,45.36,26.74,0.12,0.207,536.35,10.87,10.09,89.25,344.38
2024-01-06,North,46.76,26.64,0.149,0.183,543.58,11.49,10.35,91.06,351.39
2024-01-06,South,42.07,27.27,0.147,0.174,532.45,10.85,10.09,90.13,348.31
2024-01-06,East,39.55,27.65,0.091,0.153,541.71,11.09,10.26,88.82,342.17
2024-01-06,West,43.29,26.84,0.143,0.179,531.53,11.12,10.52,89.66,348.61
2024-01-06,Central,44.75,27.01,0.117,0.164,536.28,10.51,10.36,89.19,344.69
2024-01-07,North,45.83,26.71,0.143,0.207,547.0,11.27,10.31,91.11,352.8
2024-01-07,South,42.7,27.46,0.133,0.191,535.27,10.86,10.44,90.48,349.51
2024-01-07,East,40.56,27.65,0.099,0.181,539.98,10.85,10.17,88.84,342.08
2024-01-07,West,44.35,26.99,0.122,0.184,531.75,10.99,10.42,89.56,347.18
2024-01-07,Central,45.74,26.88,0.11,0.182,535.64,11.01,10.24,89.28,344.91
2024-01-08,North,42.98,26.94,0.167,0.153,544.73,11.22,10.45,91.19,351.89
2024-01-08,South,40.48,27.65,0.17,0.149,533.21,11.01,10.08,90.61,348.54
2024-01-08,East,38.74,27.74,0.13,0.11,536.62,10.98,10.44,89.02,343.12
2024-01-08,West,41.79,26.92,0.165,0.163,527.89,10.97,10.53,89.79,348.91
2024-01-08,Central,41.94,27.0,0.149,0.153,534.5,10.67,10.16,89.87,345.14
2024-01-09,North,42.97,26.68,0.177,0.155,542.7,11.13,10.59,91.63,353.16
2024-01-09,South,39.96,27.6,0.162,0.143,537.04,10.82,10.24,90.27,349.85
2024-01-09,East,38.42,27.7,0.136,0.15,538.31,10.9,10.27,88.8,343.2
2024-01-09,West,41.43,27.23,0.156,0.153,534.38,11.27,10.66,89.97,349.48
2024-01-09,Central,42.81,27.06,0.133,0.146,539.16,10.65,10.12,89.31,346.83
2024-01-10,North,44.57,26.75,0.171,0.155,548.61,11.08,10.57,91.19,354.01
2024-01-10,South,37.97,27.41,0.185,0.154,532.63,10.79,10.13,90.49,349.03
2024-01-10,East,36.53,27.7,0.124,0.141,543.81,10.86,10.39,89.24,342.22
2024-01-10,West,42.57,26.98,0.142,0.167,534.94,11.0,10.71,90.39,348.54
2024-01-10,Central,42.11,26.84,0.148,0.15,538.63,10.68,10.18,89.78,346.38
2024-01-11,North,45.39,26.91,0.201,0.179,545.17,11.09,10.54,91.57,354.4
2024-01-11,South,40.94,27.49,0.2,0.182,536.01,10.92,10.39,90.87,350.14
2024-01-11,East,37.46,27.61,0.174,0.177,539.25,11.05,10.34,89.8,343.11
2024-01-11,West,42.26,27.13,0.172,0.14,533.36,11.19,10.82,90.41,349.27
2024-01-11,Central,43.55,26.94,0.148,0.165,535.39,10.7,10.29,89.92,345.88
2024-01-12,North,47.61,26.62,0.196,0.184,550.58,11.25,10.54,91.95,354.78
2024-01-12,South,43.82,27.26,0.178,0.193,537.23,11.11,10.26,90.73,351.0
2024-01-12,East,40.32,27.64,0.154,0.169,540.15,11.05,10.37,89.56,344.68
2024-01-12,West,45.87,26.98,0.163,0.177,531.19,11.18,10.84,89.9,351.18
2024-01-12,Central,45.82,26.84,0.159,0.17,538.97,10.72,10.52,89.9,347.33
2024-01-13,North,47.84,26.6,0.181,0.202,546.44,11.0,10.51,91.83,356.43
2024-01-13,South,44.02,27.33,0.164,0.185,538.76,10.82,10.46,91.14,352.3
2024-01-13,East,40.92,27.52,0.138,0.155,537.16,10.86,10.41,89.59,346.01
2024-01-13,West,46.39,26.91,0.14,0.159,535.74,10.96,10.65,90.45,350.98
2024-01-13,Central,48.96,26.8,0.148,0.164,536.22,10.73,10.42,89.95,349.09
2024-01-14,North,47.06,26.83,0.181,0.205,549.49,11.14,10.47,91.96,356.47
2024-01-14,South,41.45,27.49,0.176,0.196,533.96,10.71,10.45,90.69,350.79
2024-01-14,East,39.2,27.56,0.146,0.169,540.88,10.84,10.47,89.75,345.54
2024-01-14,West,45.81,27.06,0.166,0.195,529.66,11.0,10.59,90.67,351.87
2024-01-14,Central,46.82,26.9,0.141,0.188,534.92,10.67,10.32,90.36,349.27
2024-01-15,North,43.07,26.8,0.247,0.188,548.76,11.2,10.59,92.06,357.37
2024-01-15,South,38.26,27.62,0.223,0.222,537.29,10.89,10.35,91.81,352.47
2024-01-15,East,36.46,27.91,0.193,0.185,543.17,11.14,10.53,90.52,345.49
2024-01-15,West,41.42,27.12,0.221,0.199,534.13,11.08,10.76,90.87,351.97
2024-01-15,Central,42.88,27.12,0.198,0.175,537.14,10.81,10.31,90.46,349.17
2024-01-16,North,41.5,27.06,0.251,0.202,545.47,11.19,10.71,91.76,355.29
2024-01-16,South,36.62,27.76,0.231,0.189,538.43,10.86,10.31,91.68,351.66
2024-01-16,East,32.4,27.95,0.209,0.17,540.84,10.88,10.25,90.16,344.47
2024-01-16,West,38.87,27.36,0.212,0.209,534.93,10.94,10.78,91.12,351.06
2024-01-16,Central,39.5,27.25,0.196,0.18,536.25,10.79,10.23,90.49,348.49
2024-01-17,North,43.92,27.0,0.27,0.212,549.97,11.22,10.69,91.99,357.23
2024-01-17,South,40.55,27.85,0.265,0.192,536.76,10.92,10.6,91.73,352.11
2024-01-17,East,35.81,27.86,0.228,0.183,541.51,10.87,10.34,90.26,346.55
2024-01-17,West,43.38,27.45,0.241,0.181,536.66,11.2,10.79,91.15,352.02
2024-01-17,Central,43.49,27.27,0.238,0.177,537.91,10.74,10.57,90.88,349.29
2024-01-18,North,45.01,26.74,0.297,0.217,547.37,11.11,10.78,92.73,357.02
2024-01-18,South,38.44,27.77,0.268,0.204,537.45,10.98,10.66,91.84,352.09
2024-01-18,East,35.79,27.87,0.24,0.195,540.62,10.85,10.57,90.79,345.99
2024-01-18,West,42.07,27.05,0.258,0.21,535.83,10.82,10.72,91.51,352.41
2024-01-18,Central,43.4,27.0,0.238,0.204,539.16,10.8,10.44,91.05,350.65
2024-01-19,North,43.77,26.93,0.296,0.231,548.73,11.17,10.75,92.78,357.9
2024-01-19,South,40.95,27.5,0.286,0.236,540.28,10.71,10.58,92.06,353.21
2024-01-19,East,36.22,27.77,0.239,0.235,542.58,11.17,10.66,90.52,346.49
2024-01-19,West,40.93,27.12,0.279,0.241,534.57,11.11,10.55,91.43,353.55
2024-01-19,Central,43.33,27.19,0.248,0.222,539.58,10.74,10.4,90.75,350.89
2024-01-20,North,45.65,26.97,0.282,0.278,544.14,11.21,10.7,92.2,360.05
2024-01-20,South,40.75,27.62,0.269,0.264,538.98,10.6,10.57,91.83,354.92
2024-01-20,East,38.18,27.68,0.25,0.261,544.85,11.11,10.28,90.75,348.34
2024-01-20,West,42.51,27.18,0.264,0.264,534.66,11.14,10.82,91.7,353.74
2024-01-20,Central,45.41,27.13,0.243,0.22,541.25,10.77,10.39,91.32,351.96
2024-01-21,North,47.95,26.97,0.274,0.269,550.61,11.0,10.63,93.22,357.66
2024-01-21,South,45.0,27.51,0.282,0.26,537.35,10.85,10.49,91.86,354.19
2024-01-21,East,42.23,27.91,0.259,0.284,545.79,10.75,10.64,90.97,349.41
2024-01-21,West,46.11,27.51,0.268,0.275,536.38,11.06,11.14,91.79,354.11
2024-01-21,Central,46.54,27.14,0.245,0.272,545.9,10.84,10.46,91.52,353.05
2024-01-22,North,47.48,27.12,0.27,0.281,550.4,11.3,10.75,92.48,359.17
2024-01-22,South,44.59,27.83,0.251,0.292,536.39,10.71,10.61,92.41,355.39
2024-01-22,East,42.09,28.05,0.216,0.233,542.82,11.03,10.65,90.66,347.47
2024-01-22,West,46.45,27.49,0.228,0.25,537.53,10.88,10.72,91.53,354.71
2024-01-22,Central,48.79,27.3,0.235,0.256,542.23,10.65,10.35,91.26,351.14
2024-01-23,North,47.27,27.06,0.299,0.256,546.66,11.05,10.61,93.46,358.7
2024-01-23,South,43.72,27.82,0.303,0.24,537.31,10.96,10.59,92.08,354.53
2024-01-23,East,42.65,28.13,0.258,0.242,545.46,10.97,10.58,90.91,347.9
2024-01-23,West,45.93,27.41,0.289,0.247,535.04,10.85,10.76,91.48,355.09
2024-01-23,Central,46.12,27.24,0.269,0.269,541.04,10.59,10.51,91.01,351.94
2024-01-24,North,47.24,27.18,0.286,0.282,547.75,11.03,10.78,93.33,357.91
2024-01-24,South,44.19,27.84,0.319,0.242,538.19,10.8,10.75,92.9,353.76
2024-01-24,East,38.69,28.08,0.258,0.233,546.25,10.85,10.43,91.16,346.01
2024-01-24,West,45.69,27.37,0.253,0.241,540.37,10.82,10.79,92.12,353.85
2024-01-24,Central,46.47,27.34,0.284,0.241,540.1,10.73,10.56,91.39,349.77
2024-01-25,North,48.55,27.03,0.265,0.249,550.61,11.04,10.91,92.9,358.06
2024-01-25,South,43.93,27.67,0.261,0.23,540.09,10.85,10.57,92.31,353.54
2024-01-25,East,40.92,27.94,0.233,0.22,544.19,10.87,10.75,90.92,346.81
2024-01-25,West,45.31,27.27,0.232,0.229,537.57,10.86,10.96,91.91,354.4
2024-01-25,Central,47.36,27.27,0.248,0.239,542.11,10.61,10.76,91.27,350.28
2024-01-26,North,49.75,27.02,0.255,0.225,551.91,10.97,10.7,93.15,357.91
2024-01-26,South,45.06,27.7,0.244,0.222,539.62,10.95,10.74,92.27,355.13
2024-01-26,East,42.78,28.09,0.223,0.229,548.41,11.02,10.65,91.11,348.44
2024-01-26,West,49.57,27.31,0.236,0.207,535.49,10.8,10.97,92.21,353.59
2024-01-26,Central,50.52,27.25,0.226,0.228,540.9,10.78,10.82,91.17,351.28
2024-01-27,North,51.46,27.11,0.28,0.245,556.17,11.11,10.75,93.71,359.02
2024-01-27,South,46.29,27.81,0.278,0.236,542.42,10.7,10.65,92.5,355.14
2024-01-27,East,43.29,27.91,0.237,0.245,544.59,10.76,10.65,91.35,348.13
2024-01-27,West,48.54,27.55,0.234,0.236,538.18,10.92,10.86,92.24,353.76
2024-01-27,Central,50.51,27.23,0.243,0.226,544.59,10.56,10.53,91.42,351.58
2024-01-28,North,51.79,27.12,0.257,0.271,552.25,11.21,10.88,93.53,360.71
2024-01-28,South,47.69,27.71,0.268,0.279,535.32,10.87,10.67,92.52,355.82
2024-01-28,East,43.1,27.94,0.221,0.256,546.38,11.15,10.57,91.06,350.58
2024-01-28,West,49.72,27.24,0.25,0.231,536.31,10.83,11.03,91.91,356.0
2024-01-28,Central,49.82,27.15,0.228,0.251,542.88,10.87,10.72,91.29,354.06
2024-01-29,North,52.94,27.15,0.288,0.274,550.83,10.94,10.92,93.22,362.3
2024-01-29,South,49.76,27.7,0.261,0.252,540.25,10.62,10.88,92.87,357.83
2024-01-29,East,45.67,27.92,0.233,0.24,545.18,10.78,10.78,91.24,352.32
2024-01-29,West,50.52,27.39,0.255,0.245,538.59,11.01,10.81,91.93,357.9
2024-01-29,Central,50.46,27.32,0.253,0.255,544.3,10.49,10.49,91.76,355.63
2024-01-30,North,51.09,27.05,0.261,0.291,552.19,10.94,10.76,93.45,361.65
2024-01-30,South,46.1,27.74,0.277,0.258,541.46,10.75,10.75,92.98,355.87
2024-01-30,East,43.2,28.0,0.229,0.248,545.72,10.92,10.59,91.95,349.73
2024-01-30,West,47.43,27.51,0.244,0.264,537.24,10.86,10.93,92.55,356.59
2024-01-30,Central,50.05,27.44,0.233,0.223,541.01,10.65,10.47,91.88,354.29
2024-01-31,North,51.12,27.07,0.269,0.272,552.14,10.95,10.87,93.59,362.85
2024-01-31,South,48.65,27.84,0.242,0.281,539.41,10.8,10.67,92.75,357.88
2024-01-31,East,43.05,27.92,0.22,0.231,549.79,10.78,10.74,91.79,349.95
2024-01-31,West,49.52,27.43,0.236,0.276,541.04,10.87,10.96,92.29,356.81
2024-01-31,Central,50.91,27.34,0.226,0.26,545.29,10.62,10.83,92.21,354.35
2024-02-01,North,50.05,27.44,0.253,0.293,550.28,11.33,10.81,93.67,361.51
2024-02-01,South,47.27,28.11,0.257,0.276,542.38,10.58,10.65,92.99,357.68
2024-02-01,East,43.99,28.25,0.211,0.259,551.52,10.84,10.8,91.51,350.81
2024-02-01,West,50.3,27.6,0.226,0.272,538.07,10.86,10.97,92.61,357.64
2024-02-01,Central,48.98,27.5,0.235,0.286,544.55,10.72,10.88,92.74,354.04
2024-02-02,North,46.55,27.42,0.241,0.255,555.76,10.97,10.67,94.11,359.81
2024-02-02,South,40.95,27.94,0.226,0.258,542.29,11.01,10.88,93.57,356.05
2024-02-02,East,38.28,28.29,0.213,0.248,546.94,10.83,10.69,91.84,349.98
2024-02-02,West,43.78,27.77,0.234,0.242,538.21,10.91,11.09,92.45,357.95
2024-02-02,Central,45.58,27.69,0.231,0.245,546.14,10.67,11.02,92.13,353.41
2024-02-03,North,43.98,27.37,0.274,0.245,554.47,11.1,10.89,94.27,360.4
2024-02-03,South,39.14,28.14,0.238,0.236,542.91,10.89,11.06,93.2,357.16
2024-02-03,East,35.8,28.31,0.215,0.235,549.01,10.79,10.66,91.81,349.15
2024-02-03,West,43.1,27.68,0.229,0.216,536.91,11.05,10.94,92.7,355.32
2024-02-03,Central,42.11,27.55,0.217,0.245,547.93,10.73,10.95,92.07,352.78
2024-02-04,North,43.03,27.11,0.263,0.25,550.72,11.13,11.05,93.78,359.62
2024-02-04,South,39.65,27.93,0.251,0.242,543.91,10.74,10.98,93.18,355.46
2024-02-04,East,35.61,27.99,0.233,0.233,546.91,10.83,10.74,91.79,349.49
2024-02-04,West,41.03,27.5,0.246,0.251,537.01,11.04,11.04,92.92,354.9
2024-02-04,Central,42.07,27.35,0.246,0.23,546.21,10.91,10.53,92.74,352.5
2024-02-05,North,42.72,27.11,0.277,0.24,556.95,10.98,11.1,94.02,358.65
2024-02-05,South,39.2,27.78,0.253,0.268,541.9,10.76,11.02,93.32,355.77
2024-02-05,East,37.77,28.03,0.225,0.24,551.62,10.8,10.78,91.92,349.18
2024-02-05,West,41.6,27.25,0.256,0.241,537.42,10.85,10.94,93.13,354.95
2024-02-05,Central,41.76,27.35,0.236,0.257,547.79,10.58,10.82,92.21,351.39
2024-02-06,North,44.38,26.95,0.279,0.226,554.1,10.93,10.86,93.97,360.69
2024-02-06,South,40.26,27.75,0.258,0.236,548.26,11.07,10.81,93.58,356.21
2024-02-06,East,38.05,28.11,0.244,0.223,547.03,10.97,10.75,92.14,348.2
2024-02-06,West,42.14,27.34,0.258,0.249,542.85,10.91,10.92,93.25,355.19
2024-02-06,Central,44.42,27.05,0.247,0.197,547.53,10.65,10.58,93.02,352.64
2024-02-07,North,44.41,27.04,0.275,0.184,555.72,11.0,10.89,94.25,359.28
2024-02-07,South,42.36,27.77,0.262,0.178,541.94,10.85,10.63,93.14,356.19
2024-02-07,East,38.87,27.96,0.234,0.157,548.22,10.67,10.64,92.25,348.59
2024-02-07,West,43.18,27.37,0.241,0.156,542.23,10.87,11.01,93.07,354.34
2024-02-07,Central,43.75,27.23,0.25,0.166,545.2,10.82,10.74,92.63,351.08
2024-02-08,North,48.79,27.2,0.253,0.16,552.85,11.13,11.02,93.88,359.84
2024-02-08,South,43.65,27.98,0.24,0.169,542.96,10.72,10.79,93.3,354.94
2024-02-08,East,40.75,28.32,0.21,0.169,546.61,10.81,10.86,91.43,348.98
2024-02-08,West,46.3,27.48,0.256,0.127,541.59,10.86,10.92,92.33,355.75
2024-02-08,Central,45.59,27.52,0.216,0.143,543.6,10.62,10.77,92.26,353.25
2024-02-09,North,45.81,27.25,0.234,0.177,556.51,10.87,11.12,93.87,359.44
2024-02-09,South,42.59,28.09,0.226,0.158,544.98,10.77,10.93,93.39,354.96
2024-02-09,East,38.69,28.34,0.2,0.14,553.91,10.9,10.87,92.11,347.83
2024-02-09,West,45.33,27.84,0.216,0.153,542.47,10.84,11.0,92.45,353.07
2024-02-09,Central,44.78,27.69,0.206,0.152,548.41,10.7,10.87,92.53,351.24
2024-02-10,North,46.12,27.63,0.255,0.152,557.9,10.89,10.77,93.87,359.13
2024-02-10,South,42.11,28.41,0.233,0.174,543.14,10.68,10.81,93.69,354.65
2024-02-10,East,38.64,28.49,0.193,0.158,549.8,10.92,10.64,91.97,347.19
2024-02-10,West,42.98,27.79,0.221,0.176,540.58,10.79,11.03,92.77,354.59
2024-02-10,Central,43.03,27.63,0.215,0.175,546.91,10.64,10.74,92.6,351.03
2024-02-11,North,48.29,27.57,0.29,0.198,554.23,10.92,10.82,94.12,360.51
2024-02-11,South,43.27,28.21,0.252,0.187,545.88,10.91,10.88,93.29,355.68
2024-02-11,East,40.95,28.44,0.244,0.171,550.29,10.96,10.89,92.45,349.93
2024-02-11,West,44.09,27.77,0.276,0.192,538.77,10.96,11.18,92.91,355.95
2024-02-11,Central,45.39,27.71,0.23,0.178,550.44,10.19,10.71,92.54,353.3
2024-02-12,North,45.01,27.44,0.284,0.222,555.81,10.78,10.91,94.34,360.69
2024-02-12,South,43.27,28.29,0.273,0.205,543.76,10.65,10.96,93.57,356.31
2024-02-12,East,37.84,28.54,0.256,0.193,548.02,10.56,10.62,92.31,349.41
2024-02-12,West,42.36,27.89,0.268,0.188,540.29,11.01,11.04,93.29,356.4
2024-02-12,Central,45.53,27.8,0.264,0.193,547.47,10.48,10.82,93.05,352.21
2024-02-13,North,45.49,27.56,0.258,0.214,556.75,11.12,10.89,94.45,359.97
2024-02-13,South,40.4,28.33,0.248,0.208,546.57,10.8,10.72,93.6,356.03
2024-02-13,East,39.12,28.5,0.224,0.197,549.18,10.9,10.56,92.33,349.54
2024-02-13,West,43.7,27.92,0.256,0.212,544.68,11.01,10.88,93.22,354.57
2024-02-13,Central,45.72,27.86,0.211,0.182,543.82,10.46,10.75,93.16,351.54
2024-02-14,North,43.89,27.86,0.228,0.222,553.34,10.88,10.82,94.56,358.08
2024-02-14,South,38.81,28.35,0.227,0.201,542.94,10.7,10.84,93.91,354.49
2024-02-14,East,37.2,28.59,0.187,0.203,551.56,10.71,10.6,92.34,346.61
2024-02-14,West,41.05,27.9,0.215,0.202,546.65,10.9,10.85,93.53,354.37
2024-02-14,Central,43.06,27.73,0.207,0.173,545.99,10.66,10.72,93.09,351.76
2024-02-15,North,46.91,27.97,0.231,0.231,560.32,10.9,11.08,94.66,359.31
2024-02-15,South,42.36,28.53,0.242,0.235,545.94,10.5,10.85,93.85,355.06
2024-02-15,East,38.24,28.84,0.195,0.224,553.63,10.92,10.73,92.69,349.0
2024-02-15,West,43.98,28.26,0.232,0.217,541.16,10.88,11.01,93.74,354.56
2024-02-15,Central,45.29,28.19,0.195,0.227,547.14,10.83,10.65,92.74,351.14
2024-02-16,North,45.5,27.59,0.233,0.226,557.21,10.81,10.93,94.5,359.64
2024-02-16,South,41.51,28.2,0.226,0.216,546.63,10.65,11.09,93.81,354.14
2024-02-16,East,38.18,28.72,0.205,0.226,548.09,10.72,10.62,92.51,347.29
2024-02-16,West,42.87,27.96,0.223,0.182,545.26,10.81,11.36,93.37,353.95
2024-02-16,Central,42.75,27.86,0.226,0.193,547.08,10.63,10.78,93.07,350.67
2024-02-17,North,47.13,27.53,0.249,0.22,556.66,10.9,11.03,94.76,359.03
2024-02-17,South,44.31,28.13,0.258,0.208,550.91,10.83,10.71,93.81,356.96
2024-02-17,East,42.39,28.44,0.221,0.193,547.53,10.75,10.68,92.48,350.09
2024-02-17,West,46.8,27.74,0.245,0.212,541.46,10.71,11.11,93.9,355.71
2024-02-17,Central,48.41,27.66,0.234,0.191,549.1,10.57,10.6,93.21,351.9
2024-02-18,North,47.56,27.42,0.256,0.168,557.53,11.02,11.12,95.16,360.26
2024-02-18,South,43.02,28.35,0.239,0.186,547.98,10.7,10.57,93.83,356.76
2024-02-18,East,40.58,28.28,0.22,0.177,553.05,10.87,10.83,92.48,349.97
2024-02-18,West,46.11,27.83,0.249,0.184,544.07,10.72,11.29,93.34,355.89
2024-02-18,Central,45.5,27.62,0.235,0.182,549.81,10.44,10.82,93.12,353.2
2024-02-19,North,46.75,27.62,0.276,0.247,561.0,11.0,11.09,94.69,361.13
2024-02-19,South,44.53,28.2,0.266,0.212,542.85,10.66,10.84,94.07,356.76
2024-02-19,East,41.07,28.27,0.217,0.187,550.44,10.8,10.58,92.86,349.37
2024-02-19,West,46.92,27.78,0.243,0.216,544.34,10.79,10.76,93.64,357.61
2024-02-19,Central,48.54,27.67,0.228,0.216,550.6,10.47,10.69,93.31,353.85
2024-02-20,North,47.02,27.55,0.289,0.215,557.86,10.97,10.8,94.87,362.95
2024-02-20,South,45.32,28.32,0.298,0.222,545.07,10.61,10.82,94.25,358.48
2024-02-20,East,39.59,28.62,0.255,0.207,550.64,10.79,10.62,92.73,351.69
2024-02-20,West,47.81,27.96,0.256,0.218,545.57,10.85,11.12,93.95,357.5
2024-02-20,Central,48.18,27.7,0.229,0.194,548.38,10.61,10.71,93.81,353.76
2024-02-21,North,45.89,27.67,0.268,0.199,560.95,11.01,10.96,95.14,362.91
2024-02-21,South,43.33,28.56,0.264,0.196,543.55,10.73,10.77,94.2,359.44
2024-02-21,East,42.06,28.61,0.222,0.193,551.13,10.5,10.6,93.05,351.36
2024-02-21,West,45.24,28.09,0.243,0.208,545.61,10.57,11.11,93.93,357.66
2024-02-21,Central,48.12,27.93,0.253,0.208,550.97,10.52,10.65,93.55,356.05
2024-02-22,North,48.37,27.76,0.287,0.188,557.27,10.96,10.75,95.08,361.32
2024-02-22,South,41.8,28.46,0.277,0.191,548.57,10.4,10.79,94.05,358.27
2024-02-22,East,39.55,28.59,0.24,0.173,549.84,10.7,10.5,93.26,350.56
2024-02-22,West,44.39,27.94,0.262,0.182,541.35,10.76,11.12,93.84,357.2
2024-02-22,Central,47.05,28.03,0.22,0.171,550.57,10.51,10.54,93.3,355.56
2024-02-23,North,46.71,27.9,0.298,0.211,560.03,10.94,10.88,95.05,360.76
2024-02-23,South,41.61,28.62,0.281,0.171,550.61,10.55,10.82,94.36,356.55
2024-02-23,East,39.5,28.84,0.231,0.182,553.74,10.69,10.93,92.83,348.49
2024-02-23,West,44.44,28.25,0.249,0.194,546.86,10.61,10.89,93.71,354.96
2024-02-23,Central,45.02,28.19,0.267,0.183,551.18,10.46,10.72,92.92,352.15
2024-02-24,North,44.92,28.07,0.263,0.188,559.34,10.91,10.77,95.16,360.88
2024-02-24,South,43.85,28.89,0.291,0.191,547.57,10.57,10.79,94.06,357.86
2024-02-24,East,40.47,29.02,0.259,0.177,549.67,10.75,10.8,93.07,351.33
2024-02-24,West,44.4,28.34,0.274,0.186,545.2,10.88,10.94,93.79,356.53
2024-02-24,Central,45.61,28.18,0.261,0.195,552.27,10.44,10.7,93.55,353.25
2024-02-25,North,45.6,28.24,0.308,0.179,561.38,10.86,10.99,94.83,361.2
2024-02-25,South,42.82,28.87,0.296,0.16,550.92,10.57,10.88,94.56,355.95
2024-02-25,East,38.78,29.0,0.247,0.17,555.68,10.5,10.68,93.39,348.56
2024-02-25,West,41.36,28.28,0.27,0.199,544.35,10.71,11.01,94.15,355.53
2024-02-25,Central,44.69,28.32,0.276,0.155,550.12,10.3,10.62,93.67,351.92
2024-02-26,North,45.34,28.46,0.307,0.173,556.5,10.66,10.85,95.53,358.58
2024-02-26,South,40.58,29.08,0.305,0.17,549.63,10.67,10.77,94.62,356.05
2024-02-26,East,37.37,29.24,0.271,0.143,556.71,10.67,10.53,93.06,348.49
2024-02-26,West,42.57,28.69,0.299,0.156,547.36,10.89,11.09,93.52,354.91
2024-02-26,Central,44.35,28.39,0.283,0.18,550.41,10.44,10.68,93.78,351.51
2024-02-27,North,43.12,28.25,0.313,0.193,559.09,10.89,10.95,95.37,358.6
2024-02-27,South,41.35,29.09,0.308,0.19,552.35,10.44,10.87,94.97,355.18
2024-02-27,East,35.91,29.18,0.284,0.165,553.88,10.63,10.87,93.49,347.51
2024-02-27,West,41.79,28.7,0.296,0.187,548.75,10.52,11.05,94.5,353.44
2024-02-27,Central,43.18,28.69,0.287,0.177,548.58,10.54,10.75,93.57,352.43
2024-02-28,North,46.42,28.13,0.305,0.184,558.39,10.73,10.86,95.24,359.22
2024-02-28,South,43.14,28.98,0.278,0.163,546.37,10.52,10.79,94.13,355.78
2024-02-28,East,40.14,29.28,0.256,0.165,553.65,10.73,10.41,92.93,348.13
2024-02-28,West,45.65,28.7,0.259,0.152,543.97,10.77,11.01,93.8,354.53
2024-02-28,Central,48.4,28.49,0.257,0.172,551.12,10.54,10.76,93.52,352.89
2024-02-29,North,46.46,28.49,0.322,0.171,563.16,10.65,10.73,95.63,360.13
2024-02-29,South,41.79,29.19,0.309,0.171,550.36,10.38,10.85,94.32,356.74
2024-02-29,East,39.24,29.3,0.278,0.123,552.64,10.7,10.73,92.93,350.47
2024-02-29,West,44.96,28.72,0.294,0.175,547.89,10.9,10.91,93.62,355.62
2024-02-29,Central,44.4,28.68,0.309,0.14,552.72,10.45,10.64,93.55,352.56
2024-03-01,North,48.7,28.58,0.301,0.12,561.19,10.8,10.65,95.75,359.22
2024-03-01,South,44.24,29.09,0.3,0.142,550.15,10.52,10.76,94.49,356.8
2024-03-01,East,42.1,29.2,0.294,0.117,554.33,10.6,10.51,92.93,350.85
2024-03-01,West,47.77,28.75,0.304,0.121,548.48,10.68,10.77,94.17,356.81
2024-03-01,Central,46.75,28.86,0.294,0.113,550.4,10.69,10.42,93.47,354.74
2024-03-02,North,46.71,28.32,0.32,0.125,560.96,10.7,11.02,95.44,360.98
2024-03-02,South,43.63,28.91,0.311,0.14,550.09,10.53,10.71,94.17,357.49
2024-03-02,East,40.77,29.32,0.262,0.114,554.41,10.5,10.48,93.16,349.78
2024-03-02,West,45.61,28.75,0.304,0.156,549.85,10.6,10.92,93.99,356.73
2024-03-02,Central,47.25,28.65,0.281,0.135,549.94,10.45,10.45,93.67,353.99
2024-03-03,North,46.58,28.52,0.316,0.121,558.61,10.73,10.94,94.69,362.05
2024-03-03,South,43.8,29.31,0.305,0.147,550.19,10.33,10.79,94.47,357.12
2024-03-03,East,37.66,29.49,0.279,0.114,553.19,10.45,10.57,93.12,350.51
2024-03-03,West,43.71,28.9,0.288,0.115,546.86,10.75,10.87,94.26,356.26
2024-03-03,Central,45.59,28.69,0.275,0.161,551.34,10.19,10.63,93.43,353.47
2024-03-04,North,44.6,28.36,0.315,0.126,559.61,10.68,10.66,95.41,361.76
2024-03-04,South,39.54,28.95,0.293,0.135,547.32,10.54,10.76,94.2,357.05
2024-03-04,East,37.09,29.21,0.262,0.08,556.47,10.48,10.75,92.94,349.44
2024-03-04,West,41.6,28.65,0.278,0.109,545.45,10.65,11.04,93.64,355.67
2024-03-04,Central,42.37,28.55,0.288,0.127,553.14,10.35,10.51,93.43,352.47
2024-03-05,North,42.9,28.14,0.308,0.147,559.34,10.79,10.74,94.88,360.17
2024-03-05,South,38.47,28.92,0.269,0.143,551.07,10.58,10.84,94.32,355.28
2024-03-05,East,36.13,28.95,0.266,0.105,551.79,10.42,10.43,93.15,349.45
2024-03-05,West,42.11,28.43,0.291,0.142,548.7,10.72,10.92,93.71,354.45
2024-03-05,Central,41.92,28.41,0.306,0.128,550.82,10.33,10.55,93.4,351.57
2024-03-06,North,42.64,28.16,0.319,0.143,559.87,10.8,10.53,95.41,360.94
2024-03-06,South,38.37,28.9,0.305,0.139,546.7,10.44,10.5,94.46,356.46
2024-03-06,East,36.46,29.09,0.268,0.127,554.91,10.7,10.76,93.07,349.96
2024-03-06,West,41.39,28.35,0.289,0.143,546.02,10.46,10.73,94.04,354.85
2024-03-06,Central,42.8,28.26,0.294,0.123,547.87,10.23,10.6,93.6,352.18
2024-03-07,North,44.2,27.95,0.309,0.188,561.04,10.79,10.89,95.16,361.55
2024-03-07,South,41.56,28.81,0.303,0.171,552.03,10.38,10.75,94.56,359.04
2024-03-07,East,38.36,29.06,0.268,0.131,555.87,10.31,10.76,92.7,350.28
2024-03-07,West,42.98,28.47,0.296,0.145,547.56,10.7,10.76,93.93,356.9
2024-03-07,Central,44.69,28.27,0.289,0.147,549.41,10.46,10.45,93.91,353.61
2024-03-08,North,45.27,28.13,0.317,0.176,560.4,10.93,10.77,95.21,362.4
2024-03-08,South,41.04,28.9,0.311,0.15,552.27,10.45,10.59,94.54,358.88
2024-03-08,East,39.46,29.07,0.288,0.129,557.49,10.29,10.71,93.37,352.39
2024-03-08,West,42.95,28.44,0.311,0.148,548.04,10.58,10.79,93.86,357.67
2024-03-08,Central,45.03,28.37,0.286,0.153,547.32,10.48,10.38,93.57,355.13
2024-03-09,North,45.32,28.06,0.291,0.184,561.57,10.59,10.55,95.3,361.49
2024-03-09,South,44.38,28.66,0.285,0.174,553.39,10.2,10.81,94.58,357.7
2024-03-09,East,39.98,28.94,0.239,0.156,553.83,10.8,10.55,92.94,350.2
2024-03-09,West,45.21,28.31,0.257,0.149,546.68,10.45,10.67,93.9,356.62
2024-03-09,Central,44.63,28.03,0.256,0.157,551.33,10.22,10.59,93.47,355.25
2024-03-10,North,44.7,27.96,0.309,0.166,564.78,10.67,10.69,94.92,363.14
2024-03-10,South,43.96,28.53,0.307,0.136,546.67,10.35,10.59,94.1,358.56
2024-03-10,East,39.75,28.93,0.279,0.145,553.41,10.56,10.59,93.24,350.62
2024-03-10,West,43.46,28.15,0.302,0.144,549.37,10.33,10.99,93.88,357.93
2024-03-10,Central,44.63,28.15,0.293,0.137,553.36,10.34,10.5,93.11,354.98
2024-03-11,North,47.2,28.01,0.318,0.139,565.61,10.63,10.54,95.26,362.38
2024-03-11,South,44.25,28.6,0.303,0.121,552.01,10.5,10.6,94.28,358.28
2024-03-11,East,40.35,28.79,0.278,0.126,553.11,10.61,10.51,92.86,351.61
2024-03-11,West,47.65,28.2,0.272,0.095,548.01,10.6,10.9,93.86,357.57
2024-03-11,Central,46.55,28.13,0.296,0.105,550.3,10.21,10.55,93.39,355.64
2024-03-12,North,46.33,28.19,0.343,0.147,562.34,10.78,10.58,95.45,361.89
2024-03-12,South,43.49,28.84,0.319,0.129,552.14,10.2,10.59,94.15,359.1
2024-03-12,East,38.86,29.15,0.268,0.111,554.8,10.42,10.53,92.81,350.48
2024-03-12,West,43.61,28.56,0.308,0.096,545.77,10.36,10.78,94.06,357.98
2024-03-12,Central,46.73,28.44,0.293,0.112,552.51,10.17,10.57,93.55,355.38
2024-03-13,North,49.9,28.38,0.316,0.113,562.77,10.77,10.56,94.84,362.23
2024-03-13,South,45.27,29.03,0.308,0.12,551.57,10.46,10.54,93.83,358.38
2024-03-13,East,42.3,29.51,0.265,0.107,556.38,10.41,10.47,92.8,351.77
2024-03-13,West,47.27,28.73,0.298,0.111,549.11,10.55,10.82,93.65,357.54
2024-03-13,Central,47.73,28.63,0.259,0.103,554.84,10.23,10.56,93.64,354.67
2024-03-14,North,47.82,28.4,0.314,0.108,560.67,10.67,10.59,94.82,361.09
2024-03-14,South,43.52,29.1,0.297,0.096,550.64,10.2,10.41,94.56,356.38
2024-03-14,East,40.66,29.27,0.254,0.089,558.67,10.4,10.57,93.1,350.73
2024-03-14,West,44.36,28.83,0.264,0.083,547.72,10.65,10.88,93.48,356.79
2024-03-14,Central,45.09,28.62,0.261,0.091,552.55,10.38,10.32,93.48,352.42
2024-03-15,North,44.59,28.55,0.3,0.101,561.0,10.67,10.83,94.91,359.39
2024-03-15,South,39.12,29.12,0.272,0.091,550.03,10.48,10.63,94.15,355.75
2024-03-15,East,37.4,29.3,0.261,0.111,556.36,10.24,10.5,93.3,348.99
2024-03-15,West,42.59,28.69,0.277,0.117,550.06,10.72,10.63,93.88,354.5
2024-03-15,Central,44.51,28.75,0.271,0.091,554.66,10.05,10.36,93.45,352.24
2024-03-16,North,40.93,28.31,0.307,0.092,559.18,10.72,10.63,95.44,358.29
2024-03-16,South,39.7,29.21,0.313,0.086,550.9,10.42,10.58,94.09,354.78
2024-03-16,East,35.39,29.29,0.284,0.046,557.04,10.62,10.11,93.41,349.17
2024-03-16,West,39.62,28.74,0.311,0.076,550.01,10.51,10.7,93.89,354.08
2024-03-16,Central,40.14,28.69,0.273,0.114,553.05,10.17,10.34,93.62,351.09
2024-03-17,North,44.33,28.29,0.305,0.021,564.21,10.53,10.61,94.82,360.6
2024-03-17,South,41.34,28.87,0.307,0.037,555.83,10.34,10.35,94.3,356.65
2024-03-17,East,37.84,29.11,0.278,0.046,557.48,10.48,10.15,92.51,349.33
2024-03-17,West,41.82,28.45,0.285,0.048,547.28,10.2,10.5,93.55,355.66
2024-03-17,Central,43.9,28.45,0.265,0.058,553.62,10.2,10.38,93.13,353.59
2024-03-18,North,45.87,28.06,0.331,0.08,563.16,10.52,10.7,94.95,359.63
2024-03-18,South,39.42,28.93,0.313,0.074,552.58,10.27,10.34,94.23,355.38
2024-03-18,East,37.11,29.11,0.279,0.042,552.43,10.5,10.43,92.63,349.61
2024-03-18,West,41.5,28.52,0.299,0.064,550.59,10.55,10.58,93.96,355.05
2024-03-18,Central,44.53,28.36,0.301,0.067,551.92,10.11,10.44,93.33,352.67
2024-03-19,North,43.2,28.06,0.31,0.073,560.21,10.54,10.71,95.28,358.54
2024-03-19,South,38.37,28.92,0.301,0.059,553.39,10.39,10.36,94.4,354.81
2024-03-19,East,35.81,29.24,0.295,0.051,557.9,10.48,10.34,93.15,347.69
2024-03-19,West,42.09,28.48,0.314,0.073,548.26,10.39,10.52,94.0,354.75
2024-03-19,Central,41.86,28.3,0.297,0.05,553.81,10.29,10.33,93.41,351.48
2024-03-20,North,46.15,28.23,0.331,0.093,560.14,10.71,10.69,95.02,358.77
2024-03-20,South,39.61,28.96,0.294,0.032,548.28,10.28,10.48,93.96,354.99
2024-03-20,East,37.21,29.14,0.283,0.037,558.94,10.42,10.15,93.39,347.09
2024-03-20,West,44.2,28.5,0.301,0.034,549.95,10.51,10.62,93.7,353.6
2024-03-20,Central,42.2,28.3,0.299,0.025,554.58,10.32,10.38,93.72,350.77
2024-03-21,North,44.82,28.11,0.324,0.046,559.95,10.61,10.54,94.92,358.77
2024-03-21,South,38.89,28.8,0.3,0.042,553.43,10.29,10.32,93.98,354.37
2024-03-21,East,36.96,29.06,0.273,0.018,557.71,10.21,10.22,93.05,348.17
2024-03-21,West,42.46,28.45,0.287,-0.014,549.75,10.31,10.64,94.1,353.6
2024-03-21,Central,43.56,28.31,0.288,0.025,550.19,10.14,10.28,93.49,352.2
2024-03-22,North,43.83,28.0,0.32,0.066,562.26,10.35,10.3,95.09,359.57
2024-03-22,South,41.47,28.87,0.33,0.043,553.05,10.43,10.47,94.69,355.71
2024-03-22,East,37.8,28.81,0.304,0.026,556.41,10.22,10.43,93.26,348.46
2024-03-22,West,44.69,28.32,0.326,0.019,550.77,10.48,10.58,93.61,354.75
2024-03-22,Central,43.95,27.99,0.286,0.027,555.21,9.98,10.41,93.83,352.22
2024-03-23,North,40.32,28.17,0.31,0.063,559.02,10.36,10.41,95.02,357.71
2024-03-23,South,37.87,28.73,0.292,0.076,551.0,9.99,10.25,94.39,354.24
2024-03-23,East,34.09,28.92,0.264,0.074,557.41,10.15,10.29,93.27,346.92
2024-03-23,West,40.54,28.36,0.29,0.067,551.26,10.41,10.54,94.06,352.91
2024-03-23,Central,41.07,28.23,0.294,0.037,555.94,10.11,10.17,93.32,351.14
2024-03-24,North,39.39,28.29,0.294,0.089,563.92,10.29,10.48,94.81,356.3
2024-03-24,South,36.69,28.87,0.274,0.055,552.15,10.21,10.41,94.13,351.24
2024-03-24,East,34.63,29.18,0.245,0.058,555.9,10.53,10.14,92.92,344.24
2024-03-24,West,37.85,28.66,0.284,0.055,549.37,10.3,10.39,93.73,351.39
2024-03-24,Central,37.96,28.4,0.264,0.034,553.85,9.9,10.31,93.66,348.87
2024-03-25,North,38.04,28.3,0.263,0.069,563.54,10.53,10.14,95.24,355.51
2024-03-25,South,33.84,28.98,0.256,0.067,549.37,10.19,10.31,94.4,351.09
2024-03-25,East,31.94,29.08,0.208,0.04,553.87,10.34,10.05,93.12,343.81
2024-03-25,West,36.4,28.48,0.232,0.076,548.21,10.52,10.45,93.86,350.38
2024-03-25,Central,36.67,28.73,0.205,0.058,552.52,10.11,10.17,93.26,347.77
2024-03-26,North,34.64,28.26,0.252,0.087,565.87,10.62,10.18,95.22,353.4
2024-03-26,South,28.09,28.83,0.24,0.085,554.33,10.29,10.32,94.55,349.92
2024-03-26,East,29.21,29.17,0.201,0.067,555.36,10.2,10.14,93.37,343.61
2024-03-26,West,32.9,28.63,0.232,0.089,550.48,10.42,10.74,94.04,348.74
2024-03-26,Central,34.72,28.37,0.231,0.089,555.66,9.94,10.34,93.81,346.3
2024-03-27,North,36.34,28.42,0.243,0.042,563.8,10.27,10.26,95.5,353.66
2024-03-27,South,31.91,29.12,0.221,0.056,552.65,10.25,10.19,94.22,349.8
2024-03-27,East,29.91,29.19,0.205,0.039,561.27,10.22,10.15,93.08,341.54
2024-03-27,West,32.07,28.74,0.234,0.038,548.18,10.35,10.28,93.79,348.01
2024-03-27,Central,34.98,28.49,0.228,0.05,553.56,10.03,10.07,93.16,345.67
2024-03-28,North,34.53,28.36,0.227,0.085,564.27,10.52,10.5,95.44,352.4
2024-03-28,South,31.51,28.97,0.209,0.095,550.99,10.25,10.32,94.21,348.04
2024-03-28,East,27.64,29.32,0.187,0.076,557.45,10.17,9.98,93.04,342.7
2024-03-28,West,33.08,28.63,0.196,0.093,550.86,10.33,10.29,93.89,348.57
2024-03-28,Central,33.22,28.54,0.2,0.084,555.52,10.02,10.26,93.46,346.52
2024-03-29,North,34.75,28.49,0.231,0.141,561.82,10.55,10.14,94.73,354.41
2024-03-29,South,32.57,29.19,0.214,0.113,549.77,9.98,9.96,94.24,350.81
2024-03-29,East,29.24,29.45,0.177,0.138,556.29,10.23,10.01,92.95,343.43
2024-03-29,West,34.36,28.66,0.204,0.145,548.3,10.41,10.2,93.97,350.25
2024-03-29,Central,35.79,28.59,0.208,0.123,557.61,9.82,10.07,92.96,348.02
2024-03-30,North,36.94,28.39,0.201,0.099,561.92,10.43,10.47,94.54,353.48
2024-03-30,South,34.9,29.3,0.203,0.066,548.15,9.94,10.25,94.13,350.65
2024-03-30,East,32.82,29.45,0.153,0.042,553.49,10.04,9.83,92.28,343.04
2024-03-30,West,36.96,28.86,0.194,0.061,550.47,10.47,10.3,93.42,350.41
2024-03-30,Central,38.99,28.68,0.154,0.091,557.24,9.9,10.03,92.88,346.77
2024-03-31,North,35.53,28.26,0.179,0.096,559.02,10.56,10.35,94.8,352.97
2024-03-31,South,31.84,29.22,0.195,0.115,551.21,10.09,10.03,93.77,348.9
2024-03-31,East,30.69,29.1,0.162,0.053,555.89,10.3,9.93,92.62,342.34
2024-03-31,West,35.02,28.87,0.166,0.077,549.97,10.49,10.53,93.17,348.32
2024-03-31,Central,35.35,28.53,0.129,0.089,553.4,9.95,10.37,92.76,345.55
2024-04-01,North,35.91,28.42,0.211,0.082,563.07,10.4,10.13,94.68,354.1
2024-04-01,South,31.22,29.17,0.199,0.074,552.35,10.19,10.0,93.89,349.84
2024-04-01,East,30.31,29.24,0.193,0.046,556.35,10.22,10.03,92.84,342.14
2024-04-01,West,33.85,28.63,0.202,0.058,551.54,10.45,10.4,93.56,348.64
2024-04-01,Central,33.38,28.6,0.175,0.069,558.25,9.82,10.08,92.78,347.06
2024-04-02,North,37.3,28.49,0.223,0.057,563.55,10.48,10.29,95.14,353.36
2024-04-02,South,33.03,29.27,0.228,0.049,552.6,9.84,10.17,93.74,350.04
2024-04-02,East,28.93,29.39,0.19,0.06,557.89,10.3,9.94,92.71,341.74
2024-04-02,West,33.12,28.7,0.21,0.058,548.37,10.29,10.45,93.71,348.66
2024-04-02,Central,35.15,28.71,0.202,0.042,553.73,9.91,9.92,93.4,347.04
2024-04-03,North,34.96,28.57,0.226,0.076,564.68,10.28,10.18,95.27,353.74
2024-04-03,South,31.63,29.37,0.226,0.019,550.93,9.99,10.13,94.14,350.0
2024-04-03,East,26.67,29.58,0.198,0.021,554.24,10.12,9.97,92.86,343.13
2024-04-03,West,33.59,28.84,0.233,0.065,549.13,10.27,10.16,93.87,350.63
2024-04-03,Central,35.83,28.76,0.216,0.039,553.35,10.26,10.06,93.44,346.57
2024-04-04,North,32.95,28.63,0.236,0.068,560.68,10.24,10.43,94.88,353.7
2024-04-04,South,29.87,29.23,0.205,0.072,549.91,10.14,9.83,93.99,350.22
2024-04-04,East,27.05,29.65,0.185,0.054,560.84,10.11,9.94,92.72,342.34
2024-04-04,West,32.85,28.96,0.212,0.072,547.73,10.11,10.34,93.58,348.35
2024-04-04,Central,33.12,28.84,0.197,0.077,558.48,10.06,9.99,93.7,346.12
2024-04-05,North,31.85,28.83,0.204,0.081,559.71,10.26,10.08,94.53,352.47
2024-04-05,South,29.3,29.55,0.197,0.066,548.73,9.89,9.79,94.23,348.34
2024-04-05,East,25.85,29.76,0.18,0.074,556.63,10.05,10.0,93.3,341.22
2024-04-05,West,28.08,29.08,0.171,0.077,549.37,10.09,10.22,94.2,347.41
2024-04-05,Central,30.54,29.19,0.196,0.048,553.18,9.82,9.88,93.42,344.76
2024-04-06,North,32.75,29.07,0.2,0.044,566.32,10.38,10.13,94.76,352.01
2024-04-06,South,30.59,29.6,0.175,0.041,553.46,9.82,10.02,93.77,348.56
2024-04-06,East,24.37,29.87,0.168,0.019,555.6,10.12,9.94,92.7,341.75
2024-04-06,West,31.83,29.08,0.181,0.034,550.22,10.33,10.09,93.8,348.36
2024-04-06,Central,31.3,29.21,0.193,0.039,554.99,9.93,9.96,93.3,344.82
2024-04-07,North,34.16,28.86,0.199,0.036,562.54,10.25,10.12,94.94,352.63
2024-04-07,South,28.8,29.67,0.205,0.049,553.1,9.97,10.0,94.13,349.08
2024-04-07,East,26.12,29.91,0.156,0.034,557.57,9.97,9.97,92.75,341.85
2024-04-07,West,32.07,29.27,0.203,0.037,549.2,10.28,10.01,93.73,347.39
2024-04-07,Central,33.63,29.05,0.157,0.049,557.78,9.94,9.94,92.87,345.48
2024-04-08,North,29.7,29.09,0.232,0.063,562.67,10.14,10.09,94.89,352.22
2024-04-08,South,24.0,29.87,0.216,0.064,552.91,10.03,9.87,94.63,347.14
2024-04-08,East,22.54,30.01,0.179,0.034,560.25,9.95,9.64,92.95,341.7
2024-04-08,West,27.43,29.47,0.191,0.05,551.34,10.23,10.21,93.5,346.99
2024-04-08,Central,29.42,29.25,0.189,0.046,554.96,9.77,9.76,93.48,344.82
2024-04-09,North,26.84,29.36,0.255,0.03,562.64,10.37,10.01,95.21,351.94
2024-04-09,South,23.52,30.06,0.215,0.021,550.16,10.05,9.69,94.52,348.28
2024-04-09,East,20.14,30.24,0.19,0.012,559.54,10.01,10.09,93.42,340.9
2024-04-09,West,25.56,29.61,0.221,0.02,553.58,10.36,10.08,93.96,346.44
2024-04-09,Central,27.14,29.67,0.229,0.013,553.37,9.77,9.44,93.43,345.01
2024-04-10,North,28.78,29.53,0.267,-0.005,564.08,10.35,10.1,95.32,351.26
2024-04-10,South,23.39,30.12,0.258,-0.022,551.27,9.99,9.77,94.42,347.69
2024-04-10,East,22.75,30.39,0.216,-0.02,554.77,10.05,9.8,92.91,341.36
2024-04-10,West,28.31,29.62,0.226,0.005,550.79,10.29,9.97,93.99,347.46
2024-04-10,Central,29.1,29.75,0.237,-0.006,555.53,9.95,9.8,93.88,344.38
2024-04-11,North,30.63,29.2,0.258,0.044,562.72,10.43,9.99,95.61,353.14
2024-04-11,South,24.33,30.01,0.244,0.057,550.36,9.99,10.06,94.04,349.05
2024-04-11,East,22.83,30.28,0.196,0.017,552.32,9.89,9.88,92.99,342.59
2024-04-11,West,26.5,29.7,0.235,0.017,550.04,10.2,10.05,93.65,347.35
2024-04-11,Central,29.07,29.74,0.22,0.043,557.44,10.0,9.76,93.59,346.05
2024-04-12,North,28.95,29.19,0.259,0.043,564.51,10.08,9.97,95.55,351.36
2024-04-12,South,24.96,29.87,0.263,-0.014,553.83,9.66,9.85,94.18,347.65
2024-04-12,East,21.35,30.12,0.232,-0.003,558.75,10.0,9.73,93.56,341.34
2024-04-12,West,25.8,29.37,0.23,0.018,549.17,10.19,9.91,93.94,346.95
2024-04-12,Central,26.83,29.44,0.237,0.021,555.64,9.86,9.62,93.54,344.09
2024-04-13,North,28.04,29.44,0.256,0.033,559.21,10.18,9.64,95.27,352.42
2024-04-13,South,23.48,30.04,0.251,0.013,551.11,9.98,9.86,94.34,346.78
2024-04-13,East,20.89,30.21,0.234,-0.013,552.07,9.88,9.68,92.89,340.37
2024-04-13,West,25.15,29.68,0.249,0.01,551.19,10.36,9.86,93.5,346.64
2024-04-13,Central,26.31,29.63,0.205,-0.004,553.36,9.87,9.69,93.52,343.77
2024-04-14,North,25.94,29.31,0.258,0.041,560.72,10.14,9.92,94.71,350.05
2024-04-14,South,22.76,29.9,0.255,0.008,551.36,10.06,9.96,94.13,346.74
2024-04-14,East,20.24,30.06,0.233,0.02,556.26,10.05,9.63,92.65,339.77
2024-04-14,West,25.63,29.55,0.237,0.019,544.2,10.13,9.94,93.34,346.6
2024-04-14,Central,25.97,29.55,0.236,0.004,558.41,9.62,9.7,93.56,343.25
2024-04-15,North,25.9,29.17,0.29,0.033,562.01,10.01,9.86,94.89,352.05
2024-04-15,South,23.87,29.85,0.286,0.046,553.61,9.61,9.89,94.37,347.73
2024-04-15,East,19.75,29.93,0.232,0.026,557.76,9.99,9.78,93.1,339.89
2024-04-15,West,25.55,29.38,0.276,0.028,550.77,9.91,10.15,93.62,347.35
2024-04-15,Central,26.68,29.12,0.261,0.02,552.76,9.65,9.77,92.9,345.37
2024-04-16,North,27.27,29.14,0.256,0.079,561.02,10.33,9.92,94.88,351.04
2024-04-16,South,20.67,29.67,0.257,0.067,550.04,9.81,9.85,94.28,346.58
2024-04-16,East,17.5,29.9,0.253,0.04,556.65,10.04,9.59,92.67,340.24
2024-04-16,West,23.45,29.23,0.238,0.063,545.02,9.99,9.92,93.84,345.49
2024-04-16,Central,24.87,29.29,0.219,0.063,552.29,9.85,9.75,93.44,343.6
2024-04-17,North,25.21,29.11,0.264,0.079,563.48,9.83,9.74,95.2,350.69
2024-04-17,South,18.97,29.74,0.257,0.069,547.57,10.03,9.67,94.0,345.32
2024-04-17,East,17.73,29.92,0.236,0.061,554.81,9.97,9.71,92.48,340.08
2024-04-17,West,21.77,29.42,0.246,0.062,549.66,10.26,10.12,93.58,345.69
2024-04-17,Central,23.36,29.37,0.242,0.044,555.89,9.74,9.68,93.17,344.28
2024-04-18,North,25.93,28.97,0.288,0.045,560.2,10.1,9.81,94.78,351.65
2024-04-18,South,20.66,29.73,0.289,0.055,552.22,9.92,9.61,94.04,346.38
2024-04-18,East,17.43,30.03,0.259,0.041,556.85,9.88,9.36,92.81,340.1
2024-04-18,West,22.8,29.41,0.274,0.04,545.65,10.21,9.78,93.32,346.41
2024-04-18,Central,22.88,29.25,0.252,0.041,551.31,9.71,9.38,92.85,342.89
2024-04-19,North,24.05,29.03,0.259,-0.02,558.82,10.01,9.77,94.71,349.51
2024-04-19,South,18.37,29.56,0.257,-0.013,547.34,9.9,9.9,93.73,345.95
2024-04-19,East,16.41,30.04,0.222,-0.008,558.87,10.01,9.68,92.61,339.13
2024-04-19,West,21.02,29.24,0.243,0.011,548.48,10.14,9.95,93.38,345.09
2024-04-19,Central,21.87,29.07,0.248,-0.018,554.25,9.77,9.53,92.94,343.01
2024-04-20,North,23.89,28.8,0.259,0.009,558.92,10.13,9.8,94.61,349.82
2024-04-20,South,21.21,29.55,0.261,-0.012,549.55,9.57,9.57,93.93,345.17
2024-04-20,East,17.89,29.82,0.214,-0.016,558.37,10.03,9.85,91.82,339.69
2024-04-20,West,22.48,28.99,0.237,-0.014,547.36,9.98,9.94,92.91,344.98
2024-04-20,Central,24.16,29.13,0.256,-0.004,554.84,9.69,9.75,92.6,342.72
2024-04-21,North,22.84,28.83,0.264,0.003,563.25,9.94,9.8,93.94,348.64
2024-04-21,South,18.64,29.71,0.24,0.006,550.36,9.67,9.45,93.5,344.35
2024-04-21,East,16.16,29.69,0.228,-0.006,554.83,9.93,9.7,92.39,338.03
2024-04-21,West,21.42,29.07,0.249,0.006,554.55,10.11,10.02,93.35,343.85
2024-04-21,Central,20.8,28.92,0.218,-0.023,553.09,9.72,9.72,92.41,341.81
2024-04-22,North,23.32,28.75,0.254,-0.002,559.97,10.04,9.78,94.24,348.8
2024-04-22,South,19.45,29.42,0.251,-0.032,554.22,9.86,9.63,93.71,343.22
2024-04-22,East,15.8,29.53,0.203,-0.037,557.08,10.1,9.49,92.22,338.44
2024-04-22,West,21.87,29.04,0.234,-0.021,547.02,9.82,9.82,92.88,344.36
2024-04-22,Central,21.34,28.96,0.215,-0.022,553.27,9.65,9.6,92.31,340.87
2024-04-23,North,23.57,29.08,0.221,-0.011,561.94,10.26,9.79,94.18,348.15
2024-04-23,South,19.47,29.73,0.233,-0.011,550.32,9.85,9.59,93.13,344.18
2024-04-23,East,17.27,30.06,0.191,-0.019,555.45,9.62,9.79,91.83,337.56
2024-04-23,West,22.01,29.31,0.209,-0.016,544.7,10.08,9.96,92.35,344.67
2024-04-23,Central,23.09,29.15,0.208,-0.012,554.09,9.53,9.55,92.52,340.99
2024-04-24,North,24.79,28.98,0.253,-0.034,561.78,9.93,9.76,93.58,348.5
2024-04-24,South,20.71,29.82,0.242,-0.029,547.55,9.64,9.59,93.06,343.59
2024-04-24,East,15.29,29.85,0.224,-0.027,553.61,9.71,9.7,91.35,337.8
2024-04-24,West,22.54,29.4,0.241,-0.045,549.98,9.95,9.68,93.19,342.79
2024-04-24,Central,24.59,29.22,0.229,-0.058,556.18,9.68,9.52,92.33,340.84
2024-04-25,North,25.0,29.03,0.262,0.001,561.58,10.04,9.71,94.24,348.77
2024-04-25,South,21.32,29.79,0.239,0.013,549.48,9.87,9.79,93.29,345.42
2024-04-25,East,17.8,30.1,0.226,-0.017,558.45,9.88,9.43,91.99,338.59
2024-04-25,West,24.34,29.38,0.253,-0.019,549.72,9.85,9.71,92.81,344.03
2024-04-25,Central,23.87,29.41,0.234,-0.009,552.11,9.61,9.65,92.38,342.45
2024-04-26,North,24.1,29.03,0.273,0.057,562.97,10.09,9.71,93.91,348.8
2024-04-26,South,19.2,29.96,0.254,0.021,548.54,9.61,9.45,93.3,345.04
2024-04-26,East,16.14,30.01,0.213,-0.002,552.59,9.73,9.44,91.96,337.6
2024-04-26,West,24.14,29.51,0.249,0.01,546.96,9.92,9.88,92.5,343.58
2024-04-26,Central,22.57,29.3,0.234,0.017,552.22,9.68,9.21,92.4,341.82
2024-04-27,North,24.31,29.09,0.254,0.035,563.44,10.05,9.87,94.09,349.14
2024-04-27,South,18.2,29.75,0.248,0.021,551.25,9.97,9.37,93.32,344.81
2024-04-27,East,14.88,30.03,0.217,0.031,554.79,9.94,9.42,91.69,338.3
2024-04-27,West,21.16,29.38,0.235,0.026,549.83,10.12,9.69,92.9,343.75
2024-04-27,Central,21.67,29.27,0.224,0.019,549.35,9.73,9.45,92.12,341.28
2024-04-28,North,22.25,29.01,0.251,0.041,558.67,10.04,9.75,93.85,348.19
2024-04-28,South,17.34,29.74,0.248,0.016,548.98,9.66,9.65,93.12,344.58
2024-04-28,East,15.44,29.82,0.23,0.05,555.62,9.83,9.49,91.85,337.84
2024-04-28,West,19.44,29.22,0.269,0.019,549.46,9.98,9.81,92.36,344.9
2024-04-28,Central,20.62,29.17,0.219,0.004,554.15,9.53,9.44,92.09,340.86
2024-04-29,North,24.43,28.67,0.259,0.007,557.9,10.0,9.72,93.63,346.92
2024-04-29,South,18.86,29.34,0.241,0.022,544.61,9.9,9.43,92.96,344.18
2024-04-29,East,17.17,29.51,0.204,-0.025,556.87,9.74,9.68,91.78,336.49
2024-04-29,West,22.23,28.98,0.248,-0.0,547.13,9.97,9.76,92.08,344.08
2024-04-29,Central,22.89,28.96,0.208,-0.001,550.77,9.59,9.48,92.11,341.38
2024-04-30,North,22.19,28.54,0.255,0.024,560.09,10.01,9.66,93.89,347.32
2024-04-30,South,17.79,29.09,0.245,0.029,551.96,9.7,9.58,93.01,341.96
2024-04-30,East,16.8,29.26,0.212,0.024,558.12,9.77,9.41,91.33,336.84
2024-04-30,West,20.26,28.62,0.231,0.01,547.34,9.88,9.61,91.96,343.08
2024-04-30,Central,22.44,28.68,0.218,0.012,552.76,9.59,9.41,91.8,341.49
2024-05-01,North,22.75,28.38,0.296,0.013,559.91,10.0,9.59,93.92,345.9
2024-05-01,South,16.25,28.91,0.27,0.005,548.03,9.71,9.4,93.05,341.34
2024-05-01,East,13.83,29.11,0.242,0.006,554.12,9.6,9.5,91.72,334.96
2024-05-01,West,20.7,28.61,0.254,0.018,549.8,9.92,9.59,92.81,342.19
2024-05-01,Central,20.37,28.54,0.264,-0.009,553.99,9.56,9.24,91.89,339.26
2024-05-02,North,20.87,28.09,0.281,-0.004,561.36,10.27,9.58,93.84,345.79
2024-05-02,South,15.29,28.78,0.289,-0.009,547.92,9.58,9.56,92.54,340.98
2024-05-02,East,13.51,28.92,0.251,-0.03,553.68,9.8,9.34,91.33,334.37
2024-05-02,West,19.91,28.39,0.252,-0.014,546.65,9.86,9.67,92.57,339.41
2024-05-02,Central,20.45,28.18,0.267,-0.0,552.72,9.64,9.2,91.94,338.54
2024-05-03,North,20.57,27.94,0.28,0.006,560.43,9.97,9.71,93.39,346.91
2024-05-03,South,17.33,28.64,0.257,-0.024,549.65,9.63,9.64,92.43,342.46
2024-05-03,East,14.73,28.82,0.235,-0.032,553.9,9.98,9.51,91.17,336.15
2024-05-03,West,18.79,28.24,0.226,-0.012,545.59,9.85,9.55,92.21,341.65
2024-05-03,Central,19.68,28.08,0.235,-0.012,550.51,9.63,9.24,91.79,339.12
2024-05-04,North,19.82,28.23,0.288,-0.025,560.72,9.92,9.51,93.17,345.5
2024-05-04,South,17.12,28.95,0.267,-0.029,547.5,9.68,9.38,92.76,342.13
2024-05-04,East,14.27,29.02,0.219,-0.04,555.42,9.85,9.33,91.23,334.68
2024-05-04,West,18.67,28.52,0.232,-0.024,545.77,9.85,9.58,91.99,342.64
2024-05-04,Central,18.92,28.37,0.232,-0.004,552.69,9.56,9.52,91.85,338.44
2024-05-05,North,19.18,28.23,0.248,-0.032,560.21,9.93,9.68,93.42,344.54
2024-05-05,South,16.22,29.06,0.247,-0.046,550.11,9.45,9.73,92.75,340.86
2024-05-05,East,12.42,29.18,0.21,-0.037,554.72,9.75,9.44,91.53,334.52
2024-05-05,West,18.56,28.39,0.232,-0.051,544.46,10.03,9.61,91.99,340.13
2024-05-05,Central,19.81,28.47,0.241,-0.047,552.62,9.32,9.23,92.04,338.4
2024-05-06,North,22.17,28.47,0.225,0.015,557.31,9.98,9.93,93.06,345.26
2024-05-06,South,16.68,29.21,0.246,-0.021,548.31,9.72,9.48,93.15,339.0
2024-05-06,East,12.12,29.46,0.166,-0.025,554.86,9.92,9.59,91.24,333.36
2024-05-06,West,20.53,28.75,0.203,-0.023,548.1,9.97,9.86,92.05,339.41
2024-05-06,Central,19.17,28.69,0.222,-0.026,550.83,9.63,9.31,91.37,337.55
2024-05-07,North,22.45,28.42,0.222,-0.044,557.1,9.97,9.74,92.92,342.83
2024-05-07,South,18.94,29.25,0.221,-0.023,547.13,9.72,9.48,92.44,338.85
2024-05-07,East,15.7,29.39,0.161,-0.025,553.09,9.39,9.41,90.91,331.83
2024-05-07,West,20.97,28.96,0.2,-0.03,546.73,9.63,10.0,91.89,339.73
2024-05-07,Central,21.74,28.64,0.18,-0.071,553.0,9.55,9.32,90.76,335.97
2024-05-08,North,22.96,28.64,0.219,0.007,556.59,9.9,9.32,93.37,343.65
2024-05-08,South,20.94,29.36,0.206,-0.023,547.48,9.48,9.65,92.39,340.29
2024-05-08,East,16.26,29.63,0.179,-0.005,557.41,9.87,9.26,91.14,332.51
2024-05-08,West,21.64,28.85,0.193,0.005,545.76,9.96,9.59,91.67,338.9
2024-05-08,Central,24.25,28.77,0.197,0.015,552.92,9.28,9.28,91.35,337.59
2024-05-09,North,25.14,28.58,0.229,-0.019,557.07,9.99,9.59,93.33,343.94
2024-05-09,South,21.24,29.28,0.236,-0.01,546.76,9.67,9.52,92.33,339.66
2024-05-09,East,18.27,29.5,0.204,-0.033,555.09,9.8,9.28,91.06,332.38
2024-05-09,West,25.19,28.73,0.232,-0.01,546.69,9.74,9.55,91.92,338.9
2024-05-09,Central,23.92,28.77,0.214,-0.026,547.41,9.49,9.42,91.54,336.01
2024-05-10,North,22.02,28.55,0.229,0.019,560.14,9.84,9.43,93.62,343.81
2024-05-10,South,17.78,29.26,0.234,0.017,546.69,9.41,9.59,92.58,339.87
2024-05-10,East,16.95,29.49,0.203,-0.008,551.59,9.92,9.35,91.58,332.02
2024-05-10,West,21.25,28.78,0.219,0.012,545.99,9.82,9.87,92.17,338.62
2024-05-10,Central,22.1,28.76,0.22,-0.001,552.47,9.47,9.44,91.45,336.52
2024-05-11,North,21.36,28.63,0.267,0.001,560.68,9.76,9.56,93.3,340.74
2024-05-11,South,16.83,29.26,0.254,0.006,545.26,9.53,9.38,92.36,336.84
2024-05-11,East,13.49,29.59,0.201,-0.012,552.73,9.73,9.43,91.42,330.13
2024-05-11,West,20.12,28.92,0.241,-0.024,543.61,10.02,9.65,91.95,336.28
2024-05-11,Central,19.33,28.92,0.226,0.009,547.23,9.44,9.38,91.29,334.11
2024-05-12,North,19.09,28.69,0.238,-0.002,559.31,10.2,9.48,93.47,340.36
2024-05-12,South,16.36,29.29,0.233,-0.009,547.71,9.57,9.36,92.71,337.07
2024-05-12,East,13.95,29.59,0.191,-0.036,553.99,9.53,9.29,91.72,329.91
2024-05-12,West,16.67,28.93,0.212,-0.004,542.19,9.82,9.5,91.88,334.92
2024-05-12,Central,17.81,28.82,0.208,-0.012,550.56,9.53,9.4,91.66,333.05
2024-05-13,North,18.42,28.71,0.228,0.009,558.91,10.02,9.61,93.12,340.55
2024-05-13,South,16.64,29.24,0.231,-0.03,548.47,9.65,9.48,92.58,337.11
2024-05-13,East,12.54,29.61,0.193,-0.042,553.76,9.9,9.23,91.19,329.51
2024-05-13,West,17.79,29.03,0.213,-0.032,543.99,9.67,9.46,92.26,336.45
2024-05-13,Central,18.09,28.99,0.207,-0.04,548.8,9.71,9.32,91.79,333.44
2024-05-14,North,17.42,28.63,0.241,-0.014,554.14,9.74,9.61,92.99,341.94
2024-05-14,South,13.98,29.44,0.241,-0.042,547.64,9.57,9.49,92.42,337.15
2024-05-14,East,11.66,29.41,0.184,-0.021,549.82,9.54,9.42,91.17,330.6
2024-05-14,West,15.42,29.07,0.214,-0.025,543.33,9.77,9.46,92.04,336.45
2024-05-14,Central,18.08,28.94,0.223,-0.026,551.5,9.47,9.41,91.74,334.21
2024-05-15,North,17.43,28.67,0.23,-0.001,559.32,9.77,9.58,93.27,339.16
2024-05-15,South,12.2,29.48,0.234,-0.027,543.49,9.51,9.52,92.43,336.3
2024-05-15,East,10.77,29.51,0.173,-0.038,550.96,9.51,9.43,90.95,329.62
2024-05-15,West,14.33,29.04,0.206,-0.017,547.19,9.63,9.38,91.92,334.46
2024-05-15,Central,15.91,28.74,0.187,-0.017,547.08,9.8,9.5,91.35,331.99
2024-05-16,North,17.02,28.51,0.222,0.009,554.35,9.83,9.48,93.17,338.12
2024-05-16,South,12.07,29.26,0.199,0.022,547.25,9.44,9.55,92.06,333.92
2024-05-16,East,8.56,29.41,0.174,0.01,551.68,9.83,9.42,91.17,327.75
2024-05-16,West,16.14,28.65,0.211,0.032,541.89,9.86,9.7,92.09,335.12
2024-05-16,Central,15.61,28.71,0.193,0.018,547.66,9.35,9.35,91.61,331.96
2024-05-17,North,16.49,28.36,0.24,0.038,554.93,9.81,9.5,93.0,339.49
2024-05-17,South,11.49,29.17,0.224,0.03,543.89,9.62,9.32,92.21,334.4
2024-05-17,East,8.36,29.32,0.189,0.04,554.28,9.67,9.39,91.04,327.93
2024-05-17,West,14.43,28.59,0.213,0.025,543.35,9.81,9.64,91.76,333.09
2024-05-17,Central,14.88,28.58,0.199,0.019,546.76,9.38,9.24,91.26,331.34
2024-05-18,North,17.45,28.55,0.242,0.039,552.9,10.14,9.62,92.94,340.66
2024-05-18,South,12.1,29.09,0.217,0.033,547.15,9.62,9.63,92.5,334.72
2024-05-18,East,7.41,29.3,0.181,0.007,553.3,9.67,9.36,91.13,326.95
2024-05-18,West,13.49,28.63,0.21,0.03,543.34,9.79,9.49,91.78,334.25
2024-05-18,Central,15.02,28.6,0.212,0.031,551.95,9.64,9.33,92.17,332.83
2024-05-19,North,16.9,28.34,0.238,0.034,553.16,9.69,9.61,93.13,339.13
2024-05-19,South,12.31,29.3,0.247,0.048,542.08,9.37,9.43,92.15,335.0
2024-05-19,East,10.55,29.4,0.198,0.009,551.32,9.84,9.09,91.15,328.17
2024-05-19,West,15.71,28.74,0.226,0.015,547.95,9.53,9.75,92.07,334.25
2024-05-19,Central,15.87,28.71,0.215,0.039,547.95,9.35,9.53,91.79,330.3
2024-05-20,North,18.48,28.39,0.258,0.029,553.07,9.54,9.71,92.99,340.33
2024-05-20,South,14.55,28.96,0.252,0.005,542.81,9.48,9.52,92.24,335.92
2024-05-20,East,11.39,29.25,0.223,0.005,550.1,9.72,9.24,91.19,329.51
2024-05-20,West,15.18,28.84,0.226,-0.008,542.01,9.75,9.53,92.02,335.41
2024-05-20,Central,17.34,28.62,0.237,0.002,550.61,9.22,9.21,91.61,332.88
2024-05-21,North,22.01,28.28,0.242,-0.015,555.99,9.86,9.53,93.32,342.3
2024-05-21,South,19.13,29.18,0.256,-0.009,543.53,9.42,9.6,91.82,338.42
2024-05-21,East,14.02,29.21,0.223,-0.028,549.19,9.48,9.21,90.45,331.51
2024-05-21,West,18.71,28.64,0.243,-0.031,541.51,9.83,9.78,91.81,336.25
2024-05-21,Central,21.03,28.58,0.228,-0.012,546.02,9.36,9.46,91.23,334.69
2024-05-22,North,21.38,28.53,0.276,-0.038,555.18,9.94,9.5,93.1,340.92
2024-05-22,South,18.24,29.06,0.269,-0.048,544.43,9.47,9.52,91.99,338.38
2024-05-22,East,12.97,29.24,0.231,-0.079,548.22,9.51,9.4,90.73,330.41
2024-05-22,West,18.99,28.66,0.258,-0.073,543.61,9.42,9.7,91.8,336.7
2024-05-22,Central,20.56,28.58,0.232,-0.034,549.43,9.27,9.56,91.34,333.23
2024-05-23,North,21.97,28.59,0.276,-0.039,555.48,9.84,9.7,93.07,340.93
2024-05-23,South,17.36,29.15,0.261,-0.045,542.67,9.56,9.51,92.13,338.15
2024-05-23,East,15.37,29.28,0.225,-0.034,545.19,9.58,9.23,91.0,330.57
2024-05-23,West,18.52,28.71,0.273,-0.039,542.06,9.64,9.77,91.57,337.35
2024-05-23,Central,20.04,28.68,0.253,-0.041,546.23,9.3,9.39,91.12,335.2
2024-05-24,North,21.34,28.59,0.251,-0.024,560.31,9.89,9.69,93.13,341.27
2024-05-24,South,15.59,29.39,0.238,-0.039,544.43,9.52,9.53,91.9,337.86
2024-05-24,East,13.42,29.52,0.226,-0.049,549.19,9.35,9.37,91.13,330.24
2024-05-24,West,18.34,28.97,0.238,-0.056,543.76,9.71,9.51,90.99,336.72
2024-05-24,Central,19.47,28.77,0.22,-0.047,548.21,9.24,9.37,91.02,334.73
2024-05-25,North,21.44,28.78,0.249,-0.077,553.79,9.65,9.71,92.62,340.77
2024-05-25,South,17.14,29.57,0.217,-0.076,545.15,9.66,9.5,91.87,337.43
2024-05-25,East,13.68,29.8,0.199,-0.102,548.33,9.54,9.5,90.63,329.76
2024-05-25,West,18.16,29.16,0.215,-0.076,543.76,9.7,9.95,91.03,337.11
2024-05-25,Central,19.3,28.92,0.207,-0.091,545.17,9.2,9.19,90.93,333.8
2024-05-26,North,21.75,28.69,0.232,-0.062,552.72,9.88,9.68,92.12,341.49
2024-05-26,South,15.77,29.27,0.229,-0.076,541.64,9.39,9.66,91.32,336.4
2024-05-26,East,16.16,29.53,0.169,-0.111,547.59,9.47,9.44,90.2,330.55
2024-05-26,West,17.84,28.95,0.201,-0.087,544.01,9.75,9.82,91.08,336.04
2024-05-26,Central,20.29,28.75,0.206,-0.114,546.56,9.34,9.54,90.66,332.97
2024-05-27,North,24.07,28.83,0.213,-0.03,555.85,9.68,9.65,92.44,340.45
2024-05-27,South,18.21,29.46,0.212,-0.019,542.12,9.51,9.69,91.19,336.99
2024-05-27,East,16.29,29.82,0.17,-0.044,547.65,9.48,9.42,90.56,330.32
2024-05-27,West,22.02,29.16,0.18,-0.043,540.68,9.63,9.72,91.23,337.34
2024-05-27,Central,23.53,28.94,0.18,-0.045,547.24,9.28,9.38,90.62,333.94
2024-05-28,North,24.37,28.75,0.216,-0.032,556.89,9.82,9.65,92.3,340.21
2024-05-28,South,18.15,29.51,0.214,-0.006,543.8,9.07,9.46,91.34,336.91
2024-05-28,East,14.51,29.65,0.165,-0.023,546.58,9.39,9.3,90.36,328.58
2024-05-28,West,19.69,29.09,0.177,-0.029,539.38,9.63,9.89,91.15,334.91
2024-05-28,Central,20.28,28.95,0.186,-0.028,544.18,9.18,9.42,90.87,333.54
2024-05-29,North,21.64,28.71,0.229,-0.028,553.61,9.81,9.82,92.6,340.97
2024-05-29,South,19.55,29.53,0.207,-0.031,541.79,9.32,9.62,91.74,337.99
2024-05-29,East,16.72,29.59,0.185,-0.036,546.12,9.64,9.55,89.95,331.27
2024-05-29,West,20.56,29.01,0.223,-0.036,540.77,9.46,9.81,91.09,335.75
2024-05-29,Central,22.35,28.91,0.203,-0.044,548.02,9.34,9.38,91.25,333.26
2024-05-30,North,21.78,28.79,0.236,-0.039,553.81,9.69,9.62,92.58,341.09
2024-05-30,South,18.25,29.47,0.22,-0.08,542.79,9.38,9.61,91.16,337.6
2024-05-30,East,13.89,29.73,0.217,-0.074,547.43,9.54,9.38,90.64,330.69
2024-05-30,West,21.27,29.06,0.222,-0.076,540.65,9.7,9.79,90.89,338.2
2024-05-30,Central,21.01,28.97,0.215,-0.079,542.65,9.33,9.56,90.67,334.29
2024-05-31,North,19.45,28.65,0.243,-0.038,554.89,9.96,9.91,92.31,340.84
2024-05-31,South,13.93,29.42,0.235,-0.063,542.3,9.42,9.38,92.18,336.05
2024-05-31,East,11.07,29.68,0.195,-0.058,546.89,9.61,9.57,90.15,330.67
2024-05-31,West,16.22,29.01,0.222,-0.05,540.16,9.62,9.85,90.84,336.12
2024-05-31,Central,19.2,28.83,0.206,-0.039,544.19,9.18,9.64,90.91,333.79
2024-06-01,North,20.24,28.38,0.237,-0.1,556.61,9.74,9.67,92.19,339.34
2024-06-01,South,15.85,29.16,0.221,-0.068,538.4,9.39,9.44,91.19,335.89
2024-06-01,East,13.91,29.19,0.207,-0.11,548.69,9.7,9.58,89.6,329.57
2024-06-01,West,17.89,28.5,0.197,-0.101,538.21,9.64,9.9,90.69,335.6
2024-06-01,Central,18.2,28.39,0.215,-0.119,543.96,9.21,9.3,90.29,332.66
2024-06-02,North,23.19,28.32,0.194,-0.068,551.62,9.81,9.55,92.04,341.33
2024-06-02,South,18.13,28.99,0.194,-0.081,540.29,9.25,9.86,91.01,336.21
2024-06-02,East,14.5,29.11,0.162,-0.091,547.41,9.59,9.5,89.83,330.98
2024-06-02,West,20.57,28.71,0.176,-0.07,540.42,9.64,9.91,90.79,335.42
2024-06-02,Central,20.22,28.56,0.176,-0.102,544.65,9.31,9.38,90.28,333.98
2024-06-03,North,20.79,28.09,0.206,-0.083,552.5,9.67,9.73,91.62,338.75
2024-06-03,South,17.21,28.94,0.193,-0.064,538.76,9.37,9.6,90.93,334.79
2024-06-03,East,12.96,29.14,0.165,-0.086,548.51,9.58,9.5,89.61,329.09
2024-06-03,West,20.74,28.54,0.191,-0.088,538.4,9.34,9.74,90.41,335.48
2024-06-03,Central,21.56,28.41,0.202,-0.082,543.25,9.25,9.45,90.8,330.39
2024-06-04,North,19.49,28.37,0.197,-0.062,554.23,9.78,9.62,92.36,338.93
2024-06-04,South,14.48,28.9,0.189,-0.024,539.29,9.52,9.55,91.2,333.86
2024-06-04,East,14.07,29.15,0.177,-0.049,543.0,9.56,9.52,89.82,327.94
2024-06-04,West,17.95,28.59,0.187,-0.036,540.28,9.69,9.59,90.75,333.83
2024-06-04,Central,18.55,28.42,0.165,-0.04,545.04,9.29,9.43,90.62,331.52
2024-06-05,North,16.89,28.49,0.24,-0.064,550.3,9.97,9.86,91.91,337.08
2024-06-05,South,13.82,29.2,0.176,-0.072,542.61,9.38,9.55,91.11,333.4
2024-06-05,East,9.59,29.4,0.152,-0.087,544.43,9.41,9.54,89.92,325.4
2024-06-05,West,14.93,28.61,0.168,-0.076,539.03,9.7,9.74,90.67,332.41
2024-06-05,Central,16.79,28.48,0.176,-0.083,541.25,9.27,9.33,90.26,330.06
2024-06-06,North,17.05,28.25,0.227,-0.055,550.95,9.95,9.75,92.44,338.03
2024-06-06,South,13.66,28.9,0.226,-0.055,542.23,9.53,9.62,91.39,333.98
2024-06-06,East,8.27,29.09,0.183,-0.065,545.69,9.61,9.69,89.77,327.09
2024-06-06,West,14.0,28.52,0.212,-0.056,541.44,9.76,9.81,90.94,333.75
2024-06-06,Central,16.17,28.42,0.19,-0.048,543.28,9.15,9.56,90.72,332.23
2024-06-07,North,17.86,28.21,0.249,-0.048,554.45,9.62,9.71,91.93,340.03
2024-06-07,South,14.01,29.03,0.247,-0.04,539.64,9.36,9.76,91.0,336.13
2024-06-07,East,11.01,29.26,0.223,-0.079,545.88,9.54,9.64,89.79,328.4
2024-06-07,West,14.63,28.66,0.217,-0.051,537.47,9.59,9.75,90.75,335.78
2024-06-07,Central,17.12,28.35,0.23,-0.079,543.49,9.28,9.65,90.25,331.93
2024-06-08,North,16.9,28.12,0.258,-0.04,547.92,9.78,10.03,92.2,340.49
2024-06-08,South,13.46,28.87,0.231,-0.062,542.16,9.2,9.62,91.13,334.49
2024-06-08,East,10.92,29.2,0.223,-0.065,544.22,9.5,9.5,89.24,329.01
2024-06-08,West,16.91,28.58,0.237,-0.068,534.78,9.69,9.97,90.52,333.99
2024-06-08,Central,16.52,28.21,0.214,-0.063,544.07,9.11,9.63,90.04,332.9
2024-06-09,North,15.91,28.31,0.256,-0.068,550.43,9.72,9.69,91.67,337.9
2024-06-09,South,11.45,28.86,0.22,-0.098,541.3,9.34,9.54,91.08,332.9
2024-06-09,East,8.83,28.91,0.19,-0.121,546.21,9.54,9.65,89.63,326.12
2024-06-09,West,14.39,28.39,0.225,-0.086,539.57,9.55,9.95,90.12,334.0
2024-06-09,Central,14.48,28.2,0.207,-0.109,542.37,9.36,9.51,89.97,331.07
2024-06-10,North,18.5,27.92,0.225,-0.077,550.43,9.58,9.85,91.43,338.22
2024-06-10,South,13.48,29.03,0.222,-0.078,541.39,9.26,9.8,90.7,332.52
2024-06-10,East,8.95,29.0,0.205,-0.095,544.01,9.38,9.51,89.62,326.16
2024-06-10,West,15.77,28.61,0.211,-0.072,537.09,9.43,9.79,90.1,333.62
2024-06-10,Central,16.32,28.34,0.208,-0.084,541.06,9.5,9.72,89.55,329.08
2024-06-11,North,15.65,28.15,0.224,-0.077,549.03,9.76,9.82,91.33,337.03
2024-06-11,South,12.13,28.79,0.2,-0.051,537.81,9.37,9.66,91.04,333.32
2024-06-11,East,9.72,28.96,0.202,-0.057,546.97,9.52,9.62,89.68,327.23
2024-06-11,West,13.7,28.43,0.206,-0.052,537.3,9.64,9.91,90.31,332.61
2024-06-11,Central,14.87,28.32,0.171,-0.101,541.86,9.27,9.66,89.96,330.67
2024-06-12,North,16.53,28.22,0.228,-0.027,553.18,9.76,9.86,91.03,338.33
2024-06-12,South,11.58,29.1,0.22,-0.04,539.22,9.33,9.64,90.65,333.05
2024-06-12,East,9.81,29.07,0.164,-0.039,546.53,9.37,9.43,89.4,326.49
2024-06-12,West,14.98,28.54,0.195,-0.032,538.03,9.6,10.05,90.25,332.83
2024-06-12,Central,14.93,28.47,0.186,-0.023,542.75,9.32,9.43,90.07,329.16
2024-06-13,North,16.6,28.25,0.232,-0.023,549.97,9.6,9.98,91.84,338.32
2024-06-13,South,15.21,28.93,0.2,0.003,541.06,9.39,9.75,90.79,334.55
2024-06-13,East,10.35,29.1,0.179,-0.018,542.33,9.6,9.66,89.14,326.93
2024-06-13,West,15.69,28.45,0.204,-0.022,532.95,9.32,10.08,90.35,334.32
2024-06-13,Central,16.94,28.32,0.164,0.008,543.63,9.35,9.61,89.75,331.05
2024-06-14,North,17.33,28.37,0.218,-0.005,547.17,9.47,9.94,90.98,337.61
2024-06-14,South,12.19,28.94,0.199,-0.022,538.76,9.31,9.86,90.43,335.29
2024-06-14,East,9.54,29.24,0.171,-0.039,540.42,9.34,9.82,88.96,327.49
2024-06-14,West,14.93,28.63,0.2,-0.023,535.6,9.65,10.08,89.94,333.04
2024-06-14,Central,15.74,28.48,0.174,-0.029,541.67,9.21,9.96,89.96,330.13
2024-06-15,North,16.49,28.18,0.199,-0.025,547.38,9.45,10.05,90.89,339.11
2024-06-15,South,10.66,28.97,0.197,-0.04,538.73,9.25,9.9,90.43,333.57
2024-06-15,East,11.42,29.19,0.155,-0.033,543.27,9.39,9.77,89.08,326.55
2024-06-15,West,14.37,28.34,0.182,-0.05,533.15,9.58,10.22,89.49,333.11
2024-06-15,Central,15.47,28.58,0.17,-0.05,539.74,9.25,9.72,89.26,330.11
2024-06-16,North,16.39,28.12,0.243,-0.078,551.5,9.76,10.07,90.85,338.54
2024-06-16,South,13.55,29.1,0.209,-0.066,536.25,9.36,9.97,90.08,333.97
2024-06-16,East,11.25,29.15,0.179,-0.078,537.76,9.56,9.87,88.83,327.67
2024-06-16,West,14.34,28.48,0.215,-0.088,532.88,9.37,10.08,89.96,333.33
2024-06-16,Central,13.8,28.54,0.179,-0.084,543.76,9.26,9.79,89.37,330.22
2024-06-17,North,20.39,28.3,0.227,-0.018,547.21,9.7,9.78,90.72,337.82
2024-06-17,South,14.55,28.88,0.213,-0.027,539.48,9.25,9.71,90.49,333.83
2024-06-17,East,12.61,29.04,0.173,-0.064,546.47,9.38,10.05,88.89,328.25
2024-06-17,West,16.28,28.52,0.202,-0.017,537.89,9.68,10.21,89.61,333.25
2024-06-17,Central,17.14,28.47,0.181,-0.045,537.33,9.2,9.73,88.81,330.48
2024-06-18,North,21.79,28.09,0.186,-0.06,546.6,9.68,10.18,90.65,339.23
2024-06-18,South,16.39,28.91,0.165,-0.055,539.44,9.42,10.08,89.67,334.96
2024-06-18,East,13.1,28.97,0.147,-0.069,540.97,9.51,9.86,88.62,327.44
2024-06-18,West,17.28,28.36,0.157,-0.049,536.56,9.62,10.3,89.36,334.17
2024-06-18,Central,19.2,28.34,0.14,-0.066,539.4,9.26,9.75,88.66,332.15
2024-06-19,North,19.93,27.93,0.178,-0.037,546.82,9.53,10.02,90.4,337.25
2024-06-19,South,18.73,28.81,0.165,-0.029,535.0,9.21,10.21,89.48,335.24
2024-06-19,East,13.96,29.02,0.155,-0.052,543.47,9.39,10.07,88.12,327.15
2024-06-19,West,18.55,28.32,0.146,-0.032,532.33,9.64,10.1,89.33,333.41
2024-06-19,Central,17.72,28.24,0.152,-0.045,542.58,9.36,9.89,89.01,330.58
2024-06-20,North,21.56,27.92,0.191,-0.007,547.08,9.41,10.01,90.59,339.24
2024-06-20,South,17.68,28.51,0.161,-0.019,536.57,9.39,10.03,89.71,334.83
2024-06-20,East,14.31,28.65,0.14,-0.026,540.62,9.45,9.9,88.26,328.48
2024-06-20,West,21.24,28.19,0.149,-0.016,533.96,9.54,10.26,88.74,334.75
2024-06-20,Central,20.49,28.13,0.146,-0.014,540.46,9.25,9.94,88.68,331.98
2024-06-21,North,19.46,27.93,0.196,0.007,551.24,9.64,10.0,90.24,338.35
2024-06-21,South,16.58,28.66,0.179,-0.012,537.25,9.33,9.93,89.67,335.34
2024-06-21,East,13.56,28.75,0.137,-0.021,546.43,9.56,9.89,88.28,328.72
2024-06-21,West,18.43,28.26,0.156,-0.019,532.64,9.51,10.12,89.08,335.83
2024-06-21,Central,19.47,28.19,0.183,-0.008,540.29,9.16,9.89,88.73,333.19
2024-06-22,North,24.05,28.06,0.192,-0.004,547.56,9.81,10.0,89.9,340.8
2024-06-22,South,21.27,28.75,0.166,-0.027,535.36,9.18,10.24,89.08,337.09
2024-06-22,East,16.89,28.83,0.136,-0.046,538.42,9.22,10.06,87.71,330.11
2024-06-22,West,22.53,28.23,0.18,-0.025,533.9,9.57,10.37,88.61,335.96
2024-06-22,Central,21.73,28.02,0.153,-0.022,537.09,9.24,9.92,88.18,333.36
2024-06-23,North,21.51,27.97,0.204,0.017,546.27,9.47,9.99,89.75,339.51
2024-06-23,South,17.42,28.46,0.193,0.009,535.01,9.35,10.11,89.01,335.64
2024-06-23,East,13.79,29.03,0.163,-0.032,540.27,9.46,9.93,87.43,329.1
2024-06-23,West,18.33,28.35,0.196,-0.012,534.48,9.39,10.23,88.43,335.58
2024-06-23,Central,20.12,28.07,0.19,-0.01,538.81,9.26,10.13,88.14,333.31
2024-06-24,North,23.73,27.9,0.196,-0.012,547.19,9.6,10.16,89.39,339.76
2024-06-24,South,19.55,28.62,0.175,0.007,536.18,9.42,9.92,88.93,335.31
2024-06-24,East,16.67,29.01,0.145,-0.039,541.03,9.49,9.81,87.69,328.69
2024-06-24,West,21.34,28.28,0.165,-0.025,531.76,9.58,10.37,88.49,335.59
2024-06-24,Central,21.54,28.13,0.18,-0.027,537.44,9.29,10.13,87.97,331.86
2024-06-25,North,21.83,28.09,0.188,-0.006,545.47,9.44,10.31,89.46,337.76
2024-06-25,South,19.25,28.89,0.161,-0.033,534.76,9.34,9.87,88.59,333.8
2024-06-25,East,14.26,29.13,0.123,-0.064,540.21,9.23,9.84,87.3,327.19
2024-06-25,West,21.45,28.54,0.167,-0.007,534.46,9.55,10.33,88.34,332.47
2024-06-25,Central,20.14,28.38,0.138,-0.049,538.16,9.28,10.15,87.56,330.48
2024-06-26,North,25.44,28.15,0.145,0.005,546.08,9.73,10.28,88.99,339.96
2024-06-26,South,21.88,28.84,0.151,-0.009,532.19,9.32,10.36,88.43,335.21
2024-06-26,East,17.84,28.9,0.109,-0.031,539.08,9.43,9.85,86.75,328.02
2024-06-26,West,24.33,28.4,0.121,-0.029,530.15,9.61,10.27,87.78,334.79
2024-06-26,Central,23.8,28.37,0.134,-0.012,540.38,9.38,10.04,87.3,332.1
2024-06-27,North,26.73,27.95,0.16,-0.012,540.35,9.6,10.26,88.83,338.68
2024-06-27,South,23.24,28.65,0.157,0.012,534.29,9.36,10.09,88.48,334.21
2024-06-27,East,21.07,29.08,0.122,-0.033,537.26,9.25,10.09,86.88,328.32
2024-06-27,West,25.32,28.34,0.147,-0.022,531.88,9.6,10.31,87.97,333.5
2024-06-27,Central,23.86,28.21,0.134,-0.038,537.82,9.27,10.2,87.76,330.77
2024-06-28,North,25.14,27.83,0.179,-0.035,544.34,9.54,10.52,89.1,337.68
2024-06-28,South,22.69,28.66,0.17,-0.055,533.22,9.11,10.11,88.66,333.12
2024-06-28,East,18.49,28.71,0.14,-0.033,537.82,9.49,9.89,86.82,326.81
2024-06-28,West,24.96,28.16,0.173,-0.026,531.03,9.34,10.58,87.53,333.05
2024-06-28,Central,26.06,28.14,0.17,-0.035,540.67,9.15,10.13,87.91,329.5
2024-06-29,North,24.28,27.86,0.188,-0.029,544.91,9.65,10.23,89.46,337.86
2024-06-29,South,20.33,28.47,0.188,-0.005,532.73,9.44,10.17,88.63,332.51
2024-06-29,East,17.37,28.61,0.153,-0.028,536.4,9.11,10.2,87.44,325.0
2024-06-29,West,21.04,28.1,0.167,-0.011,530.57,9.45,10.45,87.54,333.03
2024-06-29,Central,22.89,28.11,0.15,-0.035,535.48,9.2,9.91,87.69,329.46
2024-06-30,North,24.62,27.69,0.207,-0.004,544.12,9.41,10.32,89.14,338.54
2024-06-30,South,21.1,28.33,0.201,-0.028,535.46,9.23,10.1,88.27,333.32
2024-06-30,East,17.84,28.59,0.17,-0.06,539.23,9.43,10.31,86.96,327.94
2024-06-30,West,21.31,28.04,0.194,-0.031,528.16,9.5,10.56,87.7,333.88
2024-06-30,Central,23.37,27.73,0.18,-0.022,536.12,9.28,10.08,87.44,330.55
2024-07-01,North,26.66,27.79,0.199,0.017,541.96,9.64,10.2,88.38,340.81
2024-07-01,South,20.73,28.53,0.194,0.009,533.33,9.0,10.19,88.23,335.46
2024-07-01,East,18.13,28.73,0.168,-0.042,538.86,9.34,10.08,86.93,327.9
2024-07-01,West,25.7,28.25,0.206,-0.036,531.07,9.6,10.32,87.57,334.44
2024-07-01,Central,26.63,27.91,0.194,-0.03,535.24,9.13,10.43,87.32,331.94
2024-07-02,North,25.21,27.79,0.222,-0.005,542.68,9.71,10.14,88.71,339.94
2024-07-02,South,22.69,28.35,0.206,-0.024,531.57,9.29,9.96,87.86,336.26
2024-07-02,East,18.51,28.59,0.175,-0.046,538.46,9.44,10.09,86.46,330.92
2024-07-02,West,25.21,28.1,0.175,-0.037,529.21,9.45,10.57,87.6,335.13
2024-07-02,Central,25.41,28.0,0.177,-0.025,533.87,9.2,10.35,87.89,332.56
2024-07-03,North,26.08,27.56,0.217,-0.05,544.36,9.71,10.31,89.08,339.57
2024-07-03,South,22.19,28.4,0.178,-0.062,529.65,9.58,10.42,87.55,336.64
2024-07-03,East,18.76,28.71,0.165,-0.076,538.75,9.47,10.15,86.28,328.65
2024-07-03,West,25.51,28.04,0.186,-0.047,528.19,9.27,10.29,87.28,334.59
2024-07-03,Central,26.0,27.89,0.176,-0.091,539.86,9.26,10.23,87.04,332.05
2024-07-04,North,26.52,27.87,0.224,0.006,542.74,9.67,10.25,88.89,340.14
2024-07-04,South,24.04,28.47,0.199,0.004,537.14,9.24,10.46,87.97,335.3
2024-07-04,East,20.14,28.78,0.187,-0.009,537.42,9.44,10.11,86.4,329.2
2024-07-04,West,26.0,28.05,0.19,-0.032,529.06,9.52,10.53,87.4,335.06
2024-07-04,Central,27.46,28.02,0.194,-0.034,530.53,9.41,10.2,87.26,333.75
2024-07-05,North,28.27,27.5,0.231,0.014,539.73,9.71,10.26,88.66,340.12
2024-07-05,South,23.62,28.19,0.206,0.007,534.94,9.22,10.32,88.18,336.2
2024-07-05,East,21.4,28.39,0.197,-0.003,536.84,9.44,10.14,86.73,328.55
2024-07-05,West,23.49,27.77,0.193,0.017,529.96,9.51,10.49,87.36,335.17
2024-07-05,Central,26.18,27.7,0.172,-0.013,532.4,9.18,10.21,86.87,333.42
2024-07-06,North,24.65,26.98,0.218,0.037,541.15,9.73,10.5,88.8,340.08
2024-07-06,South,22.52,27.88,0.198,0.023,531.08,9.32,10.59,88.1,335.35
2024-07-06,East,19.74,27.92,0.167,0.015,535.65,9.51,10.2,86.7,328.75
2024-07-06,West,22.65,27.67,0.196,0.055,530.89,9.51,10.59,87.4,336.12
2024-07-06,Central,24.26,27.33,0.172,0.012,533.82,9.34,10.3,87.38,330.95
2024-07-07,North,23.03,27.31,0.202,-0.019,541.49,9.73,10.39,88.62,340.09
2024-07-07,South,18.84,27.96,0.194,0.034,532.79,9.17,10.26,87.86,335.73
2024-07-07,East,16.53,28.17,0.154,-0.011,533.34,9.46,10.28,86.55,328.34
2024-07-07,West,21.22,27.55,0.17,-0.005,528.93,9.73,10.64,87.34,334.77
2024-07-07,Central,24.23,27.35,0.169,-0.017,535.53,9.11,10.21,87.08,332.01
2024-07-08,North,24.67,27.34,0.199,-0.01,539.79,9.6,10.63,88.3,340.37
2024-07-08,South,21.18,27.87,0.176,-0.008,525.67,9.35,10.49,87.57,334.61
2024-07-08,East,18.22,28.02,0.155,-0.003,531.79,9.37,10.3,86.51,328.32
2024-07-08,West,22.03,27.51,0.175,-0.005,527.32,9.81,10.58,87.19,333.98
2024-07-08,Central,23.4,27.44,0.163,-0.016,533.85,9.33,10.47,86.89,331.77
2024-07-09,North,26.98,27.1,0.165,0.04,539.0,9.64,10.42,88.13,339.98
2024-07-09,South,22.16,27.83,0.156,0.039,528.15,9.16,10.34,87.25,335.87
2024-07-09,East,18.43,27.94,0.125,0.005,532.71,9.5,10.35,86.26,328.4
2024-07-09,West,23.45,27.35,0.154,0.022,533.72,9.64,10.8,86.85,334.24
2024-07-09,Central,25.88,27.41,0.133,0.021,531.24,9.11,10.32,86.41,331.26
2024-07-10,North,28.24,26.93,0.177,0.029,541.73,9.52,10.45,88.32,338.54
2024-07-10,South,24.38,27.69,0.156,0.031,529.63,9.29,10.53,87.26,335.93
2024-07-10,East,23.0,27.84,0.128,-0.01,535.2,9.25,10.48,85.61,327.72
2024-07-10,West,27.97,27.16,0.138,0.018,526.01,9.51,10.6,87.23,333.12
2024-07-10,Central,28.41,27.18,0.131,0.011,530.44,9.09,10.22,86.32,331.22
2024-07-11,North,30.66,26.83,0.161,-0.012,540.69,9.69,10.74,87.7,339.68
2024-07-11,South,24.66,27.65,0.143,0.0,531.0,9.47,10.37,87.16,334.19
2024-07-11,East,24.66,27.75,0.106,-0.014,533.88,9.49,10.54,85.98,328.35
2024-07-11,West,29.66,27.07,0.136,0.008,526.42,9.52,10.8,86.92,334.1
2024-07-11,Central,29.89,27.0,0.119,-0.022,531.76,9.28,10.51,85.97,331.17
2024-07-12,North,32.05,27.1,0.166,0.047,540.75,9.59,10.7,87.6,338.18
2024-07-12,South,24.99,27.64,0.123,0.058,528.38,9.16,10.8,86.8,333.72
2024-07-12,East,24.18,27.94,0.112,0.011,531.03,9.34,10.28,85.23,327.45
2024-07-12,West,27.86,27.5,0.111,0.035,527.01,9.41,10.7,85.93,333.14
2024-07-12,Central,30.67,27.29,0.125,0.026,535.63,9.13,10.23,86.41,330.88
2024-07-13,North,31.09,27.24,0.133,0.019,537.59,9.45,10.57,87.98,338.32
2024-07-13,South,27.79,27.86,0.127,0.025,530.94,9.35,10.66,87.4,333.99
2024-07-13,East,24.15,28.04,0.096,0.009,536.17,9.44,10.73,85.49,328.84
2024-07-13,West,29.22,27.59,0.125,0.035,525.26,9.73,10.63,86.25,333.9
2024-07-13,Central,30.59,27.37,0.104,0.018,529.14,9.37,10.51,85.87,331.43
2024-07-14,North,29.09,27.06,0.122,0.054,540.96,9.76,10.48,87.85,337.88
2024-07-14,South,26.01,27.87,0.118,0.066,530.74,9.11,10.68,86.71,335.61
2024-07-14,East,21.92,28.08,0.087,0.051,534.94,9.49,10.49,85.43,327.86
2024-07-14,West,26.58,27.41,0.117,0.051,528.79,9.67,10.77,86.69,334.2
2024-07-14,Central,27.66,27.31,0.102,0.046,530.82,9.21,10.58,86.26,330.86
2024-07-15,North,28.65,26.89,0.131,0.042,536.44,9.46,10.6,87.81,337.7
2024-07-15,South,25.41,27.68,0.09,0.022,530.2,9.29,10.54,86.76,332.86
2024-07-15,East,21.78,27.93,0.074,0.006,531.96,9.45,10.46,85.28,326.84
2024-07-15,West,25.59,27.23,0.098,0.013,526.62,9.47,10.54,86.19,333.44
2024-07-15,Central,27.25,27.23,0.082,0.01,530.35,9.17,10.26,85.76,331.06
2024-07-16,North,27.08,26.85,0.128,0.06,537.58,9.67,10.71,87.61,335.6
2024-07-16,South,23.22,27.6,0.107,0.05,528.06,9.24,10.71,86.49,332.6
2024-07-16,East,20.0,27.74,0.066,-0.015,530.22,9.7,10.15,84.92,326.68
2024-07-16,West,25.83,27.12,0.093,0.007,527.48,9.53,10.71,86.42,330.86
2024-07-16,Central,26.28,27.1,0.071,0.046,530.64,9.35,10.43,85.55,327.23
2024-07-17,North,24.93,26.57,0.14,0.059,539.0,9.89,11.05,87.72,336.85
2024-07-17,South,21.71,27.24,0.12,0.087,526.28,9.6,10.5,86.77,332.14
2024-07-17,East,19.24,27.53,0.099,0.051,533.18,9.52,10.61,85.33,326.45
2024-07-17,West,25.61,26.85,0.122,0.068,524.51,9.45,10.82,86.63,331.97
2024-07-17,Central,25.93,26.9,0.089,0.048,534.64,9.23,10.4,85.87,329.73
2024-07-18,North,26.95,26.66,0.148,0.041,535.93,9.56,10.77,87.68,337.67
2024-07-18,South,23.37,27.2,0.148,0.051,528.57,9.55,10.63,86.74,333.69
2024-07-18,East,19.16,27.53,0.114,0.044,530.05,9.35,10.45,85.65,325.6
2024-07-18,West,26.13,26.9,0.133,0.044,526.63,9.5,11.04,86.62,332.49
2024-07-18,Central,27.27,26.81,0.129,0.027,529.54,9.32,10.41,86.53,329.27
2024-07-19,North,28.85,26.7,0.163,0.055,538.23,9.63,10.73,87.28,336.44
2024-07-19,South,23.79,27.26,0.143,0.057,523.44,9.24,10.54,86.63,332.13
2024-07-19,East,20.83,27.65,0.117,0.024,530.85,9.29,10.61,85.57,324.5
2024-07-19,West,25.7,26.96,0.149,0.034,522.91,9.58,10.79,86.13,331.46
2024-07-19,Central,27.82,26.9,0.126,0.038,530.76,9.28,10.56,86.13,328.35
2024-07-20,North,28.17,26.4,0.146,0.012,536.35,9.7,10.45,87.28,335.95
2024-07-20,South,23.55,27.1,0.151,0.034,528.4,9.29,10.68,86.43,331.18
2024-07-20,East,22.24,27.24,0.12,0.023,531.01,9.38,10.55,85.46,326.08
2024-07-20,West,28.03,26.82,0.145,0.019,524.67,9.68,10.93,86.31,331.05
2024-07-20,Central,27.61,26.74,0.132,0.012,528.04,9.02,10.54,85.41,328.22
2024-07-21,North,28.61,26.36,0.171,0.076,535.83,9.81,10.61,87.49,336.78
2024-07-21,South,25.64,27.26,0.154,0.039,525.05,9.35,10.66,86.45,332.84
2024-07-21,East,22.62,27.15,0.138,0.025,532.57,9.45,10.67,85.3,324.28
2024-07-21,West,27.08,26.61,0.136,0.044,527.43,9.39,10.85,86.24,331.97
2024-07-21,Central,29.48,26.52,0.125,0.029,529.58,9.18,10.51,85.76,329.09
2024-07-22,North,29.38,26.07,0.17,0.043,537.26,9.55,10.98,87.21,338.2
2024-07-22,South,26.6,26.85,0.157,0.018,528.24,9.35,10.81,86.55,333.14
2024-07-22,East,23.25,27.1,0.123,-0.003,531.64,9.2,10.64,84.89,326.66
2024-07-22,West,27.57,26.56,0.156,0.03,522.33,9.49,10.94,86.3,333.81
2024-07-22,Central,29.94,26.29,0.136,-0.002,528.01,9.24,10.61,85.73,330.12
2024-07-23,North,32.89,26.12,0.152,0.015,535.77,9.64,10.74,86.8,337.62
2024-07-23,South,27.87,26.78,0.145,0.013,524.16,9.21,10.64,86.13,333.28
2024-07-23,East,23.53,26.94,0.112,-0.016,531.34,9.52,10.55,85.34,326.91
2024-07-23,West,27.79,26.33,0.124,0.003,524.73,9.69,10.85,85.94,333.71
2024-07-23,Central,28.88,26.19,0.129,0.011,528.75,9.39,10.74,85.62,329.77
2024-07-24,North,31.37,25.9,0.146,-0.004,539.24,9.79,10.81,87.0,338.7
2024-07-24,South,26.86,26.75,0.108,-0.022,526.55,9.22,10.8,86.4,333.44
2024-07-24,East,23.98,26.99,0.104,-0.04,532.45,9.33,10.49,85.06,326.71
2024-07-24,West,28.17,26.48,0.133,0.004,524.29,9.49,10.97,86.16,332.41
2024-07-24,Central,30.5,26.31,0.134,-0.016,528.16,9.36,10.48,85.26,331.03
2024-07-25,North,31.09,25.71,0.133,0.046,530.47,9.69,10.7,87.01,338.27
2024-07-25,South,26.87,26.57,0.093,0.017,523.36,9.37,10.89,86.12,333.85
2024-07-25,East,23.22,26.66,0.053,0.019,528.03,9.66,10.61,84.74,327.71
2024-07-25,West,29.18,26.13,0.094,0.014,523.31,9.61,10.86,85.64,332.64
2024-07-25,Central,30.75,25.96,0.073,0.006,526.52,9.22,10.74,85.28,331.45
2024-07-26,North,31.46,26.0,0.111,0.037,537.93,9.64,10.8,87.21,338.54
2024-07-26,South,26.33,26.67,0.14,0.034,522.93,9.29,10.66,86.39,333.65
2024-07-26,East,23.94,26.65,0.064,0.008,529.14,9.54,10.62,85.06,327.26
2024-07-26,West,29.29,26.25,0.098,0.033,518.32,9.7,10.81,85.62,333.99
2024-07-26,Central,28.72,25.92,0.1,0.024,528.99,9.38,10.56,85.36,330.94
2024-07-27,North,32.44,25.88,0.155,0.021,533.63,9.64,10.92,87.37,339.25
2024-07-27,South,26.35,26.61,0.157,0.032,521.1,9.44,10.62,86.27,334.3
2024-07-27,East,21.64,26.79,0.123,0.007,527.5,9.52,10.65,85.36,326.35
2024-07-27,West,29.82,26.19,0.128,0.031,527.11,9.6,11.14,85.99,334.52
2024-07-27,Central,28.65,26.1,0.134,0.032,528.01,9.28,10.59,85.66,331.29
2024-07-28,North,32.1,25.73,0.145,-0.017,533.15,10.01,10.6,86.54,336.39
2024-07-28,South,26.49,26.45,0.126,0.03,525.46,9.37,10.99,85.93,332.88
2024-07-28,East,23.72,26.74,0.089,0.002,529.31,9.35,10.74,84.82,326.26
2024-07-28,West,30.86,26.1,0.133,0.025,522.52,9.39,10.8,85.53,333.64
2024-07-28,Central,30.59,26.1,0.101,0.017,529.49,9.13,10.76,85.27,330.65
2024-07-29,North,32.36,25.68,0.115,0.041,533.75,9.68,11.22,86.62,337.31
2024-07-29,South,26.18,26.29,0.105,0.031,521.45,9.48,10.65,85.95,332.74
2024-07-29,East,24.5,26.56,0.061,0.037,530.68,9.62,10.78,84.22,326.49
2024-07-29,West,28.51,25.76,0.082,0.015,521.7,9.6,11.16,85.63,331.93
2024-07-29,Central,29.98,25.82,0.079,0.03,526.05,9.33,10.78,84.68,329.18
2024-07-30,North,30.73,25.51,0.11,0.045,532.57,9.77,10.93,86.9,335.97
2024-07-30,South,26.64,26.08,0.122,0.021,521.85,9.36,10.78,85.8,332.36
2024-07-30,East,23.7,26.36,0.083,0.016,530.71,9.55,10.69,84.62,325.28
2024-07-30,West,29.23,25.78,0.091,0.03,521.92,9.62,11.09,85.47,331.48
2024-07-30,Central,30.95,25.7,0.092,0.009,526.8,9.32,10.76,85.49,328.55
2024-07-31,North,29.87,25.61,0.096,0.0,531.62,9.49,10.84,86.37,335.0
2024-07-31,South,27.31,26.26,0.09,0.012,524.73,9.59,10.94,85.57,331.6
2024-07-31,East,24.59,26.53,0.058,0.002,527.96,9.54,10.8,84.36,324.64
2024-07-31,West,28.81,25.78,0.065,0.005,514.52,9.4,11.02,85.18,330.3
2024-07-31,Central,30.22,25.86,0.093,-0.006,527.83,9.22,10.65,84.75,327.74
2024-08-01,North,30.73,25.29,0.088,-0.012,536.18,9.73,10.92,86.04,333.7
2024-08-01,South,25.11,25.9,0.07,-0.026,523.05,9.55,10.87,85.38,330.1
2024-08-01,East,23.67,26.06,0.037,-0.075,528.56,9.49,10.87,84.43,322.31
2024-08-01,West,26.1,25.69,0.069,-0.021,518.44,9.88,11.05,85.1,329.6
2024-08-01,Central,27.6,25.5,0.022,-0.054,523.7,9.21,10.65,84.0,325.86
2024-08-02,North,29.34,25.29,0.083,-0.03,528.01,9.77,11.08,86.29,333.14
2024-08-02,South,26.1,25.74,0.1,-0.035,524.85,9.44,10.93,85.69,329.0
2024-08-02,East,22.19,26.08,0.069,-0.044,527.87,9.57,10.78,83.67,322.41
2024-08-02,West,25.32,25.53,0.081,-0.045,514.95,9.66,11.19,84.78,327.74
2024-08-02,Central,27.49,25.34,0.053,-0.071,528.43,9.36,10.67,85.05,325.66
2024-08-03,North,30.98,25.11,0.086,-0.067,534.07,9.95,10.88,86.28,333.25
2024-08-03,South,28.41,25.86,0.081,-0.077,520.84,9.5,10.85,85.19,330.71
2024-08-03,East,24.56,25.95,0.048,-0.077,528.58,9.31,10.74,83.69,322.49
2024-08-03,West,29.06,25.4,0.056,-0.072,518.16,9.65,11.35,84.75,328.91
2024-08-03,Central,29.61,25.32,0.058,-0.08,524.54,9.2,10.84,84.74,326.44
2024-08-04,North,30.75,25.27,0.08,-0.049,534.23,9.77,10.95,85.91,335.79
2024-08-04,South,28.14,26.02,0.078,-0.087,520.75,9.32,10.87,85.13,331.82
2024-08-04,East,26.25,26.16,0.061,-0.084,522.68,9.52,10.75,83.4,325.63
2024-08-04,West,29.82,25.68,0.073,-0.07,520.17,9.75,10.96,84.95,331.62
2024-08-04,Central,31.87,25.48,0.042,-0.076,524.65,9.33,10.87,84.22,328.01
2024-08-05,North,32.06,25.26,0.075,-0.067,528.73,9.84,11.0,85.65,334.27
2024-08-05,South,28.99,25.9,0.065,-0.064,520.5,9.59,10.74,84.71,330.46
2024-08-05,East,28.14,26.09,0.029,-0.083,524.69,9.61,10.55,83.3,324.67
2024-08-05,West,32.23,25.54,0.051,-0.048,518.97,9.61,11.05,84.66,332.76
2024-08-05,Central,32.58,25.35,0.055,-0.06,520.99,9.57,10.8,83.51,327.74
2024-08-06,North,35.88,25.17,0.066,-0.047,534.61,9.92,11.16,85.47,334.21
2024-08-06,South,33.0,25.73,0.056,-0.042,522.01,9.26,10.79,84.75,330.77
2024-08-06,East,28.91,26.25,0.023,-0.095,530.15,9.54,10.8,83.25,324.39
2024-08-06,West,34.7,25.56,0.052,-0.053,520.46,9.73,10.99,84.18,330.17
2024-08-06,Central,35.69,25.39,0.041,-0.062,527.02,9.21,10.54,83.8,329.08
2024-08-07,North,35.8,25.42,0.055,-0.041,534.05,9.68,10.9,85.52,335.49
2024-08-07,South,29.85,26.07,0.056,-0.049,522.08,9.45,10.93,84.67,330.16
2024-08-07,East,28.45,26.15,0.005,-0.069,525.17,9.7,10.85,83.76,322.72
2024-08-07,West,34.73,25.59,0.041,-0.056,516.94,9.76,11.09,84.08,330.95
2024-08-07,Central,33.83,25.69,0.034,-0.057,525.11,9.53,10.94,83.71,326.4
2024-08-08,North,39.79,25.52,0.012,-0.042,530.49,9.78,10.9,85.16,337.43
2024-08-08,South,37.78,26.23,0.035,-0.051,520.14,9.48,11.0,84.66,332.81
2024-08-08,East,32.75,26.47,0.001,-0.073,525.62,9.7,10.77,82.97,325.64
2024-08-08,West,38.27,25.8,0.013,-0.051,518.0,9.87,11.08,84.08,332.57
2024-08-08,Central,39.44,25.82,0.035,-0.069,520.53,9.38,10.87,83.61,328.71
2024-08-09,North,38.0,25.46,0.026,-0.049,532.22,9.71,10.9,85.47,335.39
2024-08-09,South,36.71,26.11,0.017,-0.075,517.8,9.25,11.07,84.41,331.6
2024-08-09,East,33.27,26.43,-0.009,-0.049,524.61,9.45,10.99,83.01,325.1
2024-08-09,West,36.77,25.87,0.012,-0.061,516.95,9.71,11.13,83.96,331.77
2024-08-09,Central,38.08,25.72,-0.0,-0.068,524.02,9.25,11.12,83.1,328.64
2024-08-10,North,39.13,25.55,0.028,-0.013,531.12,9.64,10.83,85.69,336.45
2024-08-10,South,35.16,26.21,0.028,-0.019,517.71,9.58,10.8,84.8,331.7
2024-08-10,East,30.61,26.51,-0.015,-0.023,524.33,9.62,10.77,83.24,324.88
2024-08-10,West,37.81,25.63,0.01,-0.01,513.86,9.6,11.11,84.54,331.58
2024-08-10,Central,37.02,25.75,0.006,-0.023,523.62,9.55,10.74,83.85,328.29
2024-08-11,North,38.28,25.29,0.037,-0.007,530.5,9.71,11.06,85.61,336.5
2024-08-11,South,32.56,26.01,0.029,-0.003,521.43,9.42,10.92,84.21,332.72
2024-08-11,East,30.44,26.22,0.008,-0.038,525.0,9.51,10.6,83.38,325.18
2024-08-11,West,35.93,25.44,0.012,-0.011,518.24,9.84,11.22,84.22,331.87
2024-08-11,Central,35.21,25.58,-0.006,-0.038,524.1,9.33,10.54,83.58,328.29
2024-08-12,North,38.55,25.48,0.019,0.002,528.87,9.58,10.92,85.3,336.59
2024-08-12,South,33.99,26.21,0.001,-0.01,516.47,9.42,10.76,85.09,333.27
2024-08-12,East,30.74,26.24,-0.044,-0.018,523.54,9.6,10.91,83.34,325.99
2024-08-12,West,34.73,25.78,-0.023,-0.014,516.92,9.66,11.0,84.14,332.38
2024-08-12,Central,35.27,25.47,-0.017,-0.038,519.63,9.67,10.85,84.27,327.57
2024-08-13,North,37.01,25.49,0.033,-0.056,530.85,9.87,10.93,84.95,336.48
2024-08-13,South,33.15,26.05,0.012,-0.036,520.18,9.34,10.81,84.48,332.16
2024-08-13,East,32.03,26.14,-0.006,-0.041,523.54,9.6,10.93,83.28,326.56
2024-08-13,West,36.74,25.63,0.011,-0.023,512.71,9.74,11.19,84.15,331.7
2024-08-13,Central,37.85,25.56,0.007,-0.041,522.79,9.4,10.91,83.87,329.86
2024-08-14,North,37.71,25.3,-0.024,-0.005,532.09,9.98,11.01,85.29,335.72
2024-08-14,South,34.17,26.04,-0.032,0.005,515.86,9.47,10.67,84.12,331.23
2024-08-14,East,31.54,25.97,-0.063,-0.02,522.31,9.71,10.94,83.15,325.02
2024-08-14,West,35.39,25.38,-0.031,0.008,518.24,9.99,10.99,83.8,331.22
2024-08-14,Central,37.78,25.54,-0.068,-0.01,523.94,9.55,10.85,83.55,326.56
2024-08-15,North,40.26,25.39,-0.032,-0.008,530.31,9.91,10.81,84.81,337.01
2024-08-15,South,34.11,25.88,-0.041,-0.009,515.51,9.75,11.02,84.33,332.24
2024-08-15,East,31.96,26.03,-0.05,-0.033,523.73,9.61,10.76,82.87,325.44
2024-08-15,West,37.42,25.49,-0.046,-0.025,513.99,9.7,10.97,83.69,331.23
2024-08-15,Central,40.02,25.27,-0.06,-0.046,523.28,9.39,10.77,83.41,329.86
2024-08-16,North,38.03,25.04,-0.044,0.001,528.38,9.89,10.87,84.72,335.9
2024-08-16,South,35.9,25.67,-0.045,0.027,517.33,9.55,10.84,84.11,332.68
2024-08-16,East,34.73,25.92,-0.057,-0.008,526.13,9.8,10.61,82.37,326.16
2024-08-16,West,35.12,25.31,-0.051,0.01,515.29,9.95,11.04,83.53,331.56
2024-08-16,Central,37.52,25.11,-0.09,0.009,523.34,9.49,10.8,83.26,329.87
2024-08-17,North,39.9,25.03,-0.02,0.001,530.56,9.73,10.9,84.86,337.14
2024-08-17,South,35.39,25.69,-0.054,0.01,517.29,9.72,10.78,83.69,332.11
2024-08-17,East,32.31,25.89,-0.055,-0.007,523.99,9.65,10.83,82.56,325.5
2024-08-17,West,36.41,25.42,-0.05,0.007,513.29,9.85,11.0,83.55,331.93
2024-08-17,Central,37.03,25.3,-0.054,0.014,519.95,9.56,10.82,83.3,329.27
2024-08-18,North,36.28,25.08,-0.007,0.027,526.15,9.86,10.95,85.09,335.13
2024-08-18,South,32.33,25.99,-0.048,0.008,516.6,9.63,10.84,84.32,330.83
2024-08-18,East,28.71,26.09,-0.057,0.018,521.22,9.88,10.54,83.09,324.85
2024-08-18,West,35.42,25.39,-0.047,0.024,515.61,9.78,10.99,83.7,330.42
2024-08-18,Central,37.63,25.41,-0.026,0.027,521.05,9.6,10.81,83.36,329.48
2024-08-19,North,36.73,25.25,0.009,0.052,526.98,9.9,10.95,84.57,335.88
2024-08-19,South,32.76,25.96,-0.005,0.055,513.73,9.78,10.84,84.37,333.51
2024-08-19,East,30.25,26.15,-0.046,0.02,521.75,9.84,10.83,83.09,325.49
2024-08-19,West,33.72,25.53,-0.002,0.032,513.98,9.93,11.2,83.87,332.48
2024-08-19,Central,36.75,25.45,-0.047,0.032,520.9,9.46,10.72,83.69,328.38
2024-08-20,North,36.77,25.06,-0.02,0.032,529.06,10.07,11.04,85.48,336.03
2024-08-20,South,34.49,25.65,-0.023,0.024,516.36,9.64,10.72,84.41,332.38
2024-08-20,East,28.24,25.91,-0.072,0.01,522.39,9.57,10.59,83.18,324.89
2024-08-20,West,33.58,25.33,-0.033,0.046,515.07,9.73,11.16,84.21,330.88
2024-08-20,Central,36.6,25.12,-0.039,0.024,521.14,9.49,10.87,83.87,328.15
2024-08-21,North,35.55,25.01,-0.015,0.047,527.63,10.04,10.82,84.83,336.74
2024-08-21,South,32.55,25.6,-0.01,0.061,516.67,9.46,11.01,84.27,333.18
2024-08-21,East,29.18,25.81,-0.039,0.039,523.28,9.68,10.54,83.2,326.55
2024-08-21,West,33.31,25.24,-0.02,0.06,514.89,9.63,11.07,84.05,332.09
2024-08-21,Central,34.89,25.1,-0.035,0.038,519.88,9.53,10.78,83.45,329.56
2024-08-22,North,34.76,25.05,0.005,0.057,529.62,10.16,11.06,85.56,336.06
2024-08-22,South,31.02,25.78,-0.01,0.012,512.59,9.59,10.78,84.07,333.25
2024-08-22,East,25.76,25.83,-0.019,0.028,521.39,9.55,10.63,83.04,325.52
2024-08-22,West,31.2,25.3,-0.029,0.011,511.28,9.64,10.97,83.9,332.39
2024-08-22,Central,33.82,25.25,-0.033,0.034,515.96,9.59,10.74,83.77,327.87
2024-08-23,North,36.8,24.85,-0.015,0.047,528.87,9.92,11.05,85.09,339.17
2024-08-23,South,33.33,25.42,-0.043,0.06,518.39,9.48,10.73,84.31,334.91
2024-08-23,East,29.98,25.62,-0.056,0.016,523.12,9.47,10.72,82.87,326.94
2024-08-23,West,36.19,25.2,-0.048,0.044,513.51,10.05,10.99,84.16,333.08
2024-08-23,Central,36.83,24.98,-0.064,0.04,523.37,9.69,10.73,83.15,331.3
2024-08-24,North,36.52,24.61,0.01,0.034,528.05,10.0,11.0,84.87,339.07
2024-08-24,South,33.37,25.37,-0.02,0.034,516.07,9.64,10.86,84.23,334.83
2024-08-24,East,30.54,25.52,-0.026,0.022,519.05,9.69,10.83,82.98,327.59
2024-08-24,West,33.91,24.84,-0.011,0.043,512.95,9.7,11.0,83.84,332.47
2024-08-24,Central,35.06,24.84,-0.033,0.018,519.57,9.46,10.88,83.55,329.69
2024-08-25,North,34.63,24.83,-0.012,0.04,528.8,10.2,10.98,85.03,338.09
2024-08-25,South,31.24,25.4,-0.007,0.044,517.62,9.89,10.93,84.49,332.06
2024-08-25,East,28.59,25.58,-0.062,0.03,523.95,9.83,10.61,83.23,325.91
2024-08-25,West,33.09,24.93,-0.052,0.031,512.54,9.87,11.1,83.76,332.05
2024-08-25,Central,32.4,24.87,-0.042,0.03,520.02,9.33,10.86,83.47,328.88
2024-08-26,North,33.84,24.74,-0.022,0.05,529.92,10.07,10.89,85.56,337.1
2024-08-26,South,29.59,25.48,-0.022,0.046,514.57,9.8,10.95,84.88,331.74
2024-08-26,East,25.96,25.69,-0.046,0.041,521.45,9.72,10.64,83.03,326.4
2024-08-26,West,33.03,25.12,-0.034,0.047,512.63,9.71,11.12,83.99,332.29
2024-08-26,Central,32.28,24.91,-0.04,0.033,516.55,9.41,10.72,83.61,329.22
2024-08-27,North,33.74,24.72,-0.029,0.044,528.46,9.95,10.7,85.58,338.56
2024-08-27,South,30.5,25.55,-0.018,0.04,518.73,9.58,10.9,84.21,334.35
2024-08-27,East,28.0,25.75,-0.045,0.012,522.7,9.68,10.76,83.2,327.04
2024-08-27,West,30.6,25.16,-0.013,0.019,513.96,9.76,11.16,83.62,335.46
2024-08-27,Central,32.21,25.0,-0.029,0.033,517.58,9.49,10.63,83.38,331.85
2024-08-28,North,35.02,25.05,-0.007,0.035,525.71,9.88,10.82,85.39,338.57
2024-08-28,South,30.8,25.7,-0.014,0.009,513.74,9.78,10.63,84.43,334.56
2024-08-28,East,28.19,25.76,-0.035,0.015,520.17,9.75,10.62,82.81,328.42
2024-08-28,West,32.19,25.32,-0.03,0.019,516.63,9.9,10.81,83.89,334.53
2024-08-28,Central,34.07,25.3,-0.031,0.045,516.72,9.77,10.74,83.9,330.6
2024-08-29,North,36.88,25.19,-0.012,0.025,531.17,9.9,10.99,85.53,339.37
2024-08-29,South,32.99,25.75,-0.024,0.023,510.53,9.84,10.72,84.36,335.44
2024-08-29,East,29.64,26.07,-0.061,0.009,522.09,9.97,10.68,83.07,328.92
2024-08-29,West,32.99,25.3,-0.033,0.037,517.51,9.79,11.05,83.98,334.4
2024-08-29,Central,34.61,25.19,-0.047,0.024,516.92,9.47,10.79,83.46,332.23
2024-08-30,North,36.97,25.07,-0.0,0.047,525.85,9.89,10.76,85.35,339.4
2024-08-30,South,31.06,25.96,-0.01,0.047,516.33,9.67,10.89,84.26,335.6
2024-08-30,East,30.08,25.88,-0.033,0.024,521.02,9.82,10.66,83.23,329.2
2024-08-30,West,32.25,25.34,0.002,0.02,513.4,10.05,10.99,83.69,334.47
2024-08-30,Central,35.82,25.38,-0.034,0.022,518.83,9.64,10.7,83.53,333.09
2024-08-31,North,35.86,25.45,-0.015,0.038,525.68,10.01,10.73,85.16,338.47
2024-08-31,South,32.16,26.14,-0.033,0.017,516.58,9.85,10.65,84.36,335.05
2024-08-31,East,28.54,26.28,-0.079,0.013,524.18,9.89,10.64,82.82,327.92
2024-08-31,West,33.16,25.73,-0.055,0.022,511.88,9.86,11.04,83.78,333.85
2024-08-31,Central,33.43,25.52,-0.058,0.024,518.53,9.77,10.49,83.75,331.2
2024-09-01,North,35.28,25.3,-0.001,0.025,530.57,10.14,10.69,84.82,338.96
2024-09-01,South,31.13,26.02,-0.039,0.044,515.74,9.79,10.73,84.14,335.94
2024-09-01,East,30.86,26.26,-0.056,0.003,522.92,9.83,10.8,82.73,327.3
2024-09-01,West,34.81,25.62,-0.05,0.027,512.08,10.05,10.88,83.72,334.08
2024-09-01,Central,32.76,25.46,-0.067,0.012,519.33,9.86,10.56,83.17,330.49
2024-09-02,North,34.54,25.23,-0.027,0.04,525.53,10.21,10.71,84.86,337.71
2024-09-02,South,29.33,25.85,-0.048,0.017,513.36,9.56,10.75,83.93,335.08
2024-09-02,East,27.09,26.14,-0.066,0.026,519.29,9.83,10.73,83.09,326.76
2024-09-02,West,30.81,25.65,-0.075,0.047,514.74,9.97,11.0,83.6,332.4
2024-09-02,Central,32.4,25.33,-0.072,0.014,517.1,9.59,10.65,83.42,330.9
2024-09-03,North,32.2,24.97,-0.051,0.041,524.43,9.84,10.87,84.89,339.24
2024-09-03,South,28.92,25.76,-0.062,0.009,513.49,9.63,10.71,84.06,333.69
2024-09-03,East,26.62,26.17,-0.073,0.008,520.75,9.97,10.45,82.65,327.12
2024-09-03,West,29.84,25.47,-0.054,0.034,515.86,9.88,10.99,83.61,333.07
2024-09-03,Central,33.33,25.46,-0.076,0.005,521.13,9.65,10.23,83.4,330.06
2024-09-04,North,32.41,25.15,-0.052,0.036,522.96,9.99,10.81,84.61,337.51
2024-09-04,South,28.35,25.9,-0.045,0.03,523.04,9.6,10.4,84.53,333.08
2024-09-04,East,25.42,26.1,-0.074,0.011,523.41,9.8,10.72,82.6,327.52
2024-09-04,West,29.8,25.51,-0.044,0.018,513.65,9.89,10.75,83.47,333.08
2024-09-04,Central,32.55,25.27,-0.067,0.012,515.69,9.92,10.54,83.11,330.64
2024-09-05,North,30.09,25.04,-0.03,0.021,523.62,10.19,10.59,85.03,336.89
2024-09-05,South,26.79,25.7,-0.015,0.028,515.6,9.79,10.54,83.84,334.02
2024-09-05,East,23.37,25.94,-0.061,-0.018,521.2,10.09,10.41,82.53,326.69
2024-09-05,West,29.43,25.3,-0.032,0.023,515.01,10.0,10.87,83.91,332.39
2024-09-05,Central,30.6,25.29,-0.053,-0.007,519.16,9.87,10.46,83.46,330.26
2024-09-06,North,30.73,24.87,-0.029,0.048,525.45,10.05,10.59,84.96,339.24
2024-09-06,South,28.06,25.54,-0.034,0.049,511.56,10.02,10.41,83.76,334.78
2024-09-06,East,26.1,25.63,-0.053,0.033,519.8,9.89,10.44,82.77,327.45
2024-09-06,West,30.93,25.15,-0.043,0.058,511.94,10.08,10.94,83.31,334.11
2024-09-06,Central,31.01,25.04,-0.049,0.049,517.25,9.78,10.56,83.19,331.61
2024-09-07,North,33.65,25.22,-0.016,0.076,528.94,10.09,10.73,85.24,337.06
2024-09-07,South,31.62,25.76,-0.048,0.062,513.69,9.69,10.53,83.98,334.94
2024-09-07,East,27.0,26.06,-0.058,0.077,519.88,10.04,10.55,82.9,327.83
2024-09-07,West,32.78,25.46,-0.029,0.078,513.72,9.8,10.64,83.89,333.65
2024-09-07,Central,32.63,25.31,-0.016,0.068,513.36,9.74,10.64,83.45,331.68
2024-09-08,North,34.77,25.06,-0.018,0.082,525.05,10.24,11.04,85.06,338.78
2024-09-08,South,30.75,25.63,-0.005,0.087,514.26,10.17,10.74,84.38,334.24
2024-09-08,East,30.07,26.04,-0.027,0.064,516.22,9.93,10.59,83.25,327.65
2024-09-08,West,34.15,25.39,-0.039,0.078,512.48,10.02,10.95,83.89,333.58
2024-09-08,Central,36.67,25.3,-0.054,0.053,514.99,9.76,10.63,83.3,331.14
2024-09-09,North,33.51,24.92,-0.008,0.112,525.8,10.24,10.84,85.1,338.64
2024-09-09,South,30.95,25.68,-0.039,0.094,515.13,10.0,10.79,84.17,336.36
2024-09-09,East,28.2,25.79,-0.053,0.101,522.18,9.82,10.45,83.03,329.17
2024-09-09,West,33.28,25.26,-0.046,0.108,510.85,9.91,10.72,83.65,334.69
2024-09-09,Central,32.86,25.24,-0.058,0.125,513.76,9.61,10.51,83.05,331.95
2024-09-10,North,35.53,25.18,-0.036,0.053,523.48,10.12,10.91,84.93,338.78
2024-09-10,South,31.31,25.74,-0.061,0.085,515.45,9.99,10.58,84.47,333.64
2024-09-10,East,29.56,25.95,-0.054,0.058,520.08,9.98,10.28,82.77,327.82
2024-09-10,West,34.55,25.41,-0.032,0.069,511.82,10.21,10.61,83.68,333.74
2024-09-10,Central,34.11,25.16,-0.064,0.06,516.54,9.78,10.48,82.82,331.74
2024-09-11,North,31.7,24.92,-0.029,0.024,525.43,10.25,10.55,84.63,337.73
2024-09-11,South,31.61,25.65,-0.043,0.018,512.31,9.74,10.33,83.9,333.91
2024-09-11,East,25.89,25.97,-0.076,0.005,518.75,10.07,10.6,82.69,326.29
2024-09-11,West,31.28,25.26,-0.066,0.009,508.94,10.1,10.59,83.43,333.09
2024-09-11,Central,32.13,25.07,-0.073,0.025,519.61,9.9,10.44,83.29,330.25
2024-09-12,North,35.94,24.94,-0.052,0.025,521.44,10.12,10.6,84.64,338.84
2024-09-12,South,29.21,25.7,-0.044,0.036,513.11,9.81,10.53,83.79,333.93
2024-09-12,East,29.69,25.92,-0.085,0.028,518.33,10.07,10.29,82.34,327.58
2024-09-12,West,32.74,25.27,-0.078,-0.006,508.58,10.12,10.73,83.36,333.74
2024-09-12,Central,33.7,25.05,-0.057,0.012,514.7,9.74,10.34,83.15,330.25
2024-09-13,North,34.41,24.95,-0.042,0.001,524.5,10.28,10.53,84.39,338.3
2024-09-13,South,31.27,25.65,-0.046,0.004,511.26,10.01,10.56,83.69,334.99
2024-09-13,East,28.87,25.86,-0.082,-0.03,520.05,10.0,10.22,82.97,328.45
2024-09-13,West,32.1,25.25,-0.06,-0.007,514.82,10.41,10.66,83.38,333.5
2024-09-13,Central,32.95,25.16,-0.077,-0.019,517.57,10.0,10.26,83.26,330.7
2024-09-14,North,34.13,24.71,-0.026,0.004,529.39,10.17,10.76,84.59,338.22
2024-09-14,South,32.56,25.3,-0.038,-0.004,513.28,9.93,10.38,83.83,334.01
2024-09-14,East,28.98,25.62,-0.056,-0.016,521.45,10.0,10.26,82.96,327.47
2024-09-14,West,32.97,25.11,-0.044,-0.005,511.86,10.35,10.72,83.22,334.85
2024-09-14,Central,33.22,24.79,-0.051,-0.011,515.77,9.85,10.5,82.65,331.14
2024-09-15,North,36.14,24.74,-0.047,-0.011,525.85,9.99,10.54,84.16,338.25
2024-09-15,South,31.92,25.49,-0.07,-0.008,513.7,9.87,10.49,83.46,334.78
2024-09-15,East,29.7,25.64,-0.098,0.001,520.03,9.94,10.17,82.56,326.83
2024-09-15,West,33.6,24.99,-0.082,0.01,511.76,10.13,10.78,83.14,334.23
2024-09-15,Central,33.51,24.94,-0.092,-0.011,517.0,10.0,10.37,82.67,330.31
2024-09-16,North,34.48,24.98,-0.068,0.029,529.2,10.19,10.45,84.81,336.97
2024-09-16,South,30.72,25.58,-0.09,0.037,514.17,10.24,10.59,83.89,332.85
2024-09-16,East,27.27,25.74,-0.12,0.017,518.87,9.83,10.29,82.37,326.21
2024-09-16,West,31.39,25.17,-0.105,0.024,509.45,10.29,10.72,83.75,331.21
2024-09-16,Central,32.01,25.2,-0.091,0.02,516.53,9.99,10.47,82.58,329.07
2024-09-17,North,31.45,25.06,-0.064,0.026,527.45,10.33,10.47,84.21,337.14
2024-09-17,South,29.38,25.66,-0.071,0.008,511.14,9.93,10.45,83.74,331.92
2024-09-17,East,23.92,25.62,-0.131,-0.012,519.11,10.22,10.01,82.25,325.93
2024-09-17,West,29.93,25.21,-0.083,0.005,514.04,10.44,10.47,83.58,333.08
2024-09-17,Central,30.16,25.26,-0.1,-0.016,515.49,9.78,10.36,82.66,329.31
2024-09-18,North,30.49,24.86,-0.068,0.029,525.22,10.1,10.39,84.81,335.09
2024-09-18,South,26.61,25.61,-0.107,0.024,515.03,10.24,10.6,83.59,332.66
2024-09-18,East,23.35,25.71,-0.107,0.017,519.03,9.86,10.16,82.27,325.69
2024-09-18,West,30.47,25.21,-0.106,0.045,511.04,10.17,10.56,83.37,332.16
2024-09-18,Central,29.68,25.13,-0.106,0.008,517.92,9.89,10.19,82.68,329.06
2024-09-19,North,33.47,24.85,-0.082,0.051,526.1,10.44,10.51,84.59,338.09
2024-09-19,South,27.15,25.24,-0.088,0.027,510.47,9.91,10.29,83.69,333.43
2024-09-19,East,24.63,25.54,-0.11,-0.002,518.36,10.1,10.35,82.22,326.53
2024-09-19,West,28.48,25.14,-0.089,0.012,510.65,10.08,10.6,83.29,331.84
2024-09-19,Central,31.2,25.06,-0.089,0.012,515.72,9.99,10.17,82.95,330.04
2024-09-20,North,33.16,24.47,-0.059,0.051,523.01,10.13,10.33,84.57,339.33
2024-09-20,South,29.32,25.31,-0.063,0.041,515.4,9.94,10.26,84.17,334.76
2024-09-20,East,23.83,25.36,-0.079,0.034,518.11,9.82,10.21,82.35,327.65
2024-09-20,West,30.96,24.9,-0.073,0.047,511.32,10.2,10.32,83.43,334.34
2024-09-20,Central,33.56,24.85,-0.088,0.022,516.45,9.82,10.02,82.99,332.61
2024-09-21,North,32.13,24.56,-0.065,0.075,525.31,10.31,10.42,84.82,337.35
2024-09-21,South,27.57,25.25,-0.088,0.02,510.79,10.2,10.27,84.04,332.89
2024-09-21,East,24.52,25.56,-0.092,0.043,519.88,10.03,10.07,82.62,326.59
2024-09-21,West,29.79,24.86,-0.091,0.037,514.45,10.21,10.35,83.77,332.82
2024-09-21,Central,29.3,24.77,-0.09,0.052,515.06,9.94,10.26,82.67,330.1
2024-09-22,North,29.9,24.38,-0.068,0.063,528.12,10.53,10.38,85.02,336.84
2024-09-22,South,26.1,25.18,-0.108,0.081,513.45,9.89,10.37,84.18,333.61
2024-09-22,East,23.84,25.38,-0.109,0.06,518.6,10.2,9.92,82.42,326.13
2024-09-22,West,28.02,24.79,-0.108,0.054,513.67,10.25,10.49,83.73,332.0
2024-09-22,Central,27.94,24.7,-0.143,0.062,519.81,9.85,10.0,83.37,329.23
2024-09-23,North,29.8,24.64,-0.067,0.086,524.26,10.09,10.3,84.6,336.51
2024-09-23,South,25.81,25.23,-0.072,0.054,511.11,10.03,10.26,83.85,333.72
2024-09-23,East,21.69,25.53,-0.108,0.059,514.16,10.16,10.01,82.85,325.2
2024-09-23,West,25.41,24.93,-0.088,0.076,513.16,10.33,10.54,83.74,332.8
2024-09-23,Central,27.86,24.76,-0.085,0.079,515.99,9.86,10.09,82.93,330.2
2024-09-24,North,29.53,24.45,-0.055,0.143,524.26,10.51,10.2,84.94,336.32
2024-09-24,South,24.38,24.99,-0.064,0.109,509.16,9.99,10.16,83.61,333.17
2024-09-24,East,22.67,25.32,-0.077,0.087,516.1,10.14,10.12,82.76,326.57
2024-09-24,West,28.05,24.64,-0.082,0.104,509.08,9.83,10.23,83.79,332.91
2024-09-24,Central,28.95,24.46,-0.108,0.093,515.36,10.07,10.35,83.11,329.62
2024-09-25,North,29.54,24.53,-0.047,0.091,526.03,10.28,10.48,85.13,335.43
2024-09-25,South,24.0,25.24,-0.064,0.1,512.23,10.13,10.48,84.54,331.53
2024-09-25,East,20.03,25.18,-0.097,0.088,520.07,10.24,10.2,82.74,324.66
2024-09-25,West,25.76,24.66,-0.07,0.108,506.26,10.31,10.29,83.73,330.59
2024-09-25,Central,25.94,24.71,-0.095,0.1,515.17,10.07,10.2,83.25,328.18
2024-09-26,North,26.77,24.48,-0.054,0.101,523.68,10.32,10.35,84.76,335.31
2024-09-26,South,20.33,25.09,-0.1,0.116,518.57,10.08,10.14,84.36,331.55
2024-09-26,East,18.41,25.27,-0.126,0.113,517.32,10.23,10.21,82.77,323.81
2024-09-26,West,23.88,24.66,-0.085,0.105,510.01,10.22,10.43,83.89,332.24
2024-09-26,Central,24.9,24.74,-0.107,0.099,513.63,9.98,9.97,83.02,327.73
2024-09-27,North,25.51,24.48,-0.089,0.132,526.63,10.33,10.17,84.86,335.22
2024-09-27,South,21.74,25.18,-0.099,0.13,513.14,10.06,10.21,84.41,330.13
2024-09-27,East,18.55,25.2,-0.115,0.113,520.78,10.12,10.1,83.03,324.38
2024-09-27,West,24.06,24.58,-0.103,0.119,508.93,10.29,10.33,84.16,329.66
2024-09-27,Central,25.91,24.53,-0.097,0.11,515.21,9.84,10.01,83.19,327.41
2024-09-28,North,26.02,24.21,-0.081,0.099,524.94,10.43,10.23,85.14,334.97
2024-09-28,South,23.52,24.96,-0.125,0.137,515.51,10.3,10.03,84.22,331.02
2024-09-28,East,19.7,25.12,-0.127,0.082,519.67,10.27,9.95,82.61,324.18
2024-09-28,West,24.81,24.49,-0.118,0.124,509.86,10.19,10.34,83.35,329.88
2024-09-28,Central,25.76,24.32,-0.11,0.096,518.75,9.9,9.98,83.57,327.84
2024-09-29,North,26.51,24.44,-0.073,0.134,522.88,10.64,10.16,85.08,334.97
2024-09-29,South,22.1,25.16,-0.11,0.147,516.46,10.26,10.13,84.68,330.66
2024-09-29,East,19.14,25.32,-0.107,0.123,513.93,10.2,9.87,83.16,323.28
2024-09-29,West,24.36,24.68,-0.08,0.131,512.74,10.17,10.19,83.63,329.61
2024-09-29,Central,25.42,24.62,-0.093,0.094,516.17,9.98,9.74,83.68,327.83
2024-09-30,North,25.9,24.49,-0.08,0.131,522.95,10.32,10.06,85.56,336.54
2024-09-30,South,21.37,25.15,-0.102,0.103,517.15,10.04,10.18,84.44,331.63
2024-09-30,East,19.51,25.41,-0.123,0.115,520.55,10.15,10.01,82.82,324.95
2024-09-30,West,24.0,24.84,-0.102,0.122,512.69,10.07,10.31,83.96,331.01
2024-09-30,Central,23.6,24.85,-0.112,0.128,516.39,9.91,9.96,83.99,328.94
2024-10-01,North,29.9,24.58,-0.055,0.044,524.04,10.66,10.15,85.61,334.63
2024-10-01,South,25.53,25.21,-0.063,0.069,514.99,10.07,9.93,84.58,331.26
2024-10-01,East,21.7,25.55,-0.105,0.077,516.18,10.26,9.95,83.19,324.62
2024-10-01,West,26.8,25.01,-0.088,0.052,509.72,10.24,10.35,83.98,331.09
2024-10-01,Central,27.23,24.71,-0.086,0.072,513.28,10.23,10.14,83.79,328.75
2024-10-02,North,26.3,24.37,-0.064,0.022,523.02,10.52,10.31,85.36,334.54
2024-10-02,South,21.64,24.91,-0.075,0.021,510.43,10.17,10.13,84.3,330.06
2024-10-02,East,20.72,25.18,-0.111,0.018,518.63,10.3,10.04,82.99,324.19
2024-10-02,West,24.3,24.65,-0.094,0.002,515.39,10.25,10.32,83.96,329.22
2024-10-02,Central,25.57,24.66,-0.099,0.016,515.75,10.08,9.94,83.5,326.47
2024-10-03,North,27.54,24.55,-0.069,0.054,526.41,10.49,10.28,85.06,334.39
2024-10-03,South,24.09,25.32,-0.069,0.055,512.74,10.39,9.8,84.56,329.15
2024-10-03,East,19.42,25.5,-0.12,0.021,519.48,10.25,10.08,82.98,323.12
2024-10-03,West,26.82,24.74,-0.087,0.057,510.19,10.21,10.39,83.63,330.42
2024-10-03,Central,26.41,24.63,-0.124,0.048,519.04,10.19,9.78,83.71,327.23
2024-10-04,North,30.96,24.5,-0.084,0.093,520.84,10.49,10.21,84.92,336.16
2024-10-04,South,25.05,25.14,-0.091,0.073,515.12,10.31,10.07,83.68,331.45
2024-10-04,East,22.32,25.47,-0.122,0.076,520.3,10.35,9.72,82.7,324.99
2024-10-04,West,28.94,24.64,-0.099,0.066,510.26,10.53,10.04,83.32,330.68
2024-10-04,Central,29.91,24.73,-0.098,0.064,516.89,10.12,9.92,82.94,328.37
2024-10-05,North,30.84,24.34,-0.112,0.141,526.13,10.45,9.91,85.27,336.4
2024-10-05,South,26.24,24.95,-0.124,0.106,513.45,10.13,10.02,84.25,330.8
2024-10-05,East,21.75,25.08,-0.14,0.093,519.81,10.37,9.81,82.71,324.7
2024-10-05,West,26.71,24.58,-0.131,0.137,513.84,10.41,9.77,83.72,329.88
2024-10-05,Central,27.85,24.46,-0.149,0.125,515.91,10.06,9.93,83.08,327.71
2024-10-06,North,29.22,24.16,-0.11,0.154,521.13,10.63,9.84,84.66,334.49
2024-10-06,South,24.9,24.97,-0.125,0.098,512.34,10.22,9.84,84.1,332.16
2024-10-06,East,20.68,25.12,-0.153,0.131,519.41,10.13,10.01,82.76,324.47
2024-10-06,West,26.79,24.46,-0.151,0.106,512.62,10.42,10.06,83.67,331.35
2024-10-06,Central,28.25,24.5,-0.154,0.106,520.27,10.06,9.79,83.39,328.37
2024-10-07,North,28.57,24.22,-0.112,0.106,520.91,10.55,10.07,85.06,335.69
2024-10-07,South,27.31,25.03,-0.104,0.111,515.56,10.24,9.87,84.42,331.72
2024-10-07,East,24.52,25.32,-0.152,0.067,518.31,10.25,9.64,82.67,326.48
2024-10-07,West,28.59,24.6,-0.145,0.094,514.6,10.43,10.08,83.89,332.64
2024-10-07,Central,30.12,24.61,-0.155,0.103,515.66,10.06,9.71,83.36,329.87
2024-10-08,North,31.07,24.3,-0.08,0.106,524.5,10.52,9.93,85.22,337.55
2024-10-08,South,26.1,25.06,-0.096,0.086,516.02,10.37,9.96,84.19,332.62
2024-10-08,East,22.81,25.11,-0.124,0.072,523.28,10.28,9.69,83.1,326.05
2024-10-08,West,28.27,24.76,-0.12,0.085,513.91,10.63,10.03,83.81,332.99
2024-10-08,Central,28.97,24.61,-0.133,0.078,518.15,9.95,9.82,83.34,329.0
2024-10-09,North,33.09,24.31,-0.11,0.118,522.88,10.35,10.0,84.98,337.71
2024-10-09,South,29.08,24.89,-0.155,0.11,514.84,10.32,9.87,83.72,333.13
2024-10-09,East,26.97,25.18,-0.146,0.084,517.27,10.36,9.88,82.94,326.35
2024-10-09,West,30.74,24.77,-0.14,0.1,513.93,10.49,10.13,84.14,332.73
2024-10-09,Central,30.91,24.47,-0.136,0.103,516.88,10.05,10.0,83.11,330.33
2024-10-10,North,33.88,24.31,-0.093,0.11,526.23,10.45,9.92,85.14,339.98
2024-10-10,South,27.5,25.14,-0.096,0.085,511.07,10.17,9.83,83.87,335.09
2024-10-10,East,25.69,25.28,-0.131,0.068,516.38,10.29,9.67,83.2,327.4
2024-10-10,West,30.95,24.63,-0.127,0.075,511.67,10.48,10.1,83.79,333.74
2024-10-10,Central,32.09,24.53,-0.125,0.062,521.03,10.07,9.6,83.5,332.19
2024-10-11,North,33.89,24.57,-0.085,0.126,526.72,10.45,10.08,85.49,339.45
2024-10-11,South,28.75,25.09,-0.07,0.128,514.49,10.31,9.95,84.91,333.84
2024-10-11,East,24.73,25.4,-0.113,0.105,519.59,10.42,9.51,82.86,329.46
2024-10-11,West,31.83,24.76,-0.086,0.098,510.1,10.51,9.99,84.11,334.64
2024-10-11,Central,31.3,24.76,-0.097,0.114,515.44,10.19,9.78,83.76,333.13
2024-10-12,North,33.77,24.56,-0.064,0.185,520.66,10.56,10.03,85.68,340.36
2024-10-12,South,26.85,25.37,-0.059,0.161,515.62,10.28,9.85,84.8,336.44
2024-10-12,East,24.55,25.54,-0.097,0.165,518.94,10.47,9.67,83.99,329.89
2024-10-12,West,31.43,24.8,-0.057,0.172,511.58,10.33,9.97,84.47,336.18
2024-10-12,Central,31.75,24.92,-0.092,0.136,517.84,10.25,9.46,84.32,333.28
2024-10-13,North,32.34,24.04,-0.025,0.187,529.35,10.63,10.03,85.93,340.21
2024-10-13,South,29.76,24.84,-0.068,0.17,510.7,10.31,9.89,84.97,336.55
2024-10-13,East,24.84,25.29,-0.072,0.151,518.61,10.45,9.81,83.43,329.95
2024-10-13,West,32.19,24.52,-0.076,0.154,512.58,10.5,10.21,84.87,335.55
2024-10-13,Central,32.38,24.54,-0.072,0.163,516.09,10.28,9.79,83.77,333.95
2024-10-14,North,34.86,24.15,-0.048,0.197,526.29,10.52,9.93,85.89,342.2
2024-10-14,South,29.55,24.81,-0.049,0.18,517.2,10.34,9.89,84.93,337.29
2024-10-14,East,27.47,25.06,-0.065,0.162,518.34,10.49,9.62,83.57,330.8
2024-10-14,West,33.44,24.66,-0.032,0.16,512.72,10.47,9.94,84.29,338.17
2024-10-14,Central,34.45,24.29,-0.065,0.16,515.03,10.22,9.63,84.18,333.37
2024-10-15,North,31.84,24.03,-0.043,0.177,524.51,10.72,9.9,86.01,340.76
2024-10-15,South,29.65,24.79,-0.053,0.165,515.57,10.33,9.84,84.66,335.56
2024-10-15,East,27.46,25.21,-0.076,0.138,517.08,10.41,9.89,83.42,329.58
2024-10-15,West,31.55,24.59,-0.075,0.159,511.08,10.59,9.67,84.1,335.73
2024-10-15,Central,32.33,24.5,-0.082,0.148,516.21,10.04,9.74,84.15,333.14
2024-10-16,North,34.71,23.89,-0.042,0.21,520.91,10.59,10.02,85.78,338.57
2024-10-16,South,29.59,24.6,-0.033,0.184,516.32,10.39,9.69,85.29,336.23
2024-10-16,East,25.69,24.85,-0.094,0.178,517.98,10.51,9.67,83.83,328.74
2024-10-16,West,31.76,24.17,-0.049,0.21,510.95,10.42,9.8,84.6,335.7
2024-10-16,Central,33.74,24.25,-0.064,0.163,517.61,9.99,9.6,84.15,332.94
2024-10-17,North,32.38,24.03,-0.054,0.194,526.19,10.75,9.76,85.98,337.69
2024-10-17,South,27.31,24.62,-0.063,0.204,517.07,10.43,9.84,85.38,334.07
2024-10-17,East,28.09,24.7,-0.089,0.171,522.16,10.48,9.92,83.72,328.43
2024-10-17,West,31.14,24.28,-0.075,0.176,514.82,10.62,9.97,84.4,332.91
2024-10-17,Central,31.69,24.13,-0.078,0.182,519.28,10.44,9.64,84.16,331.48
2024-10-18,North,34.37,24.17,-0.056,0.183,528.26,10.5,9.89,85.74,338.79
2024-10-18,South,29.63,24.89,-0.085,0.172,514.92,10.45,9.92,84.96,333.51
2024-10-18,East,25.38,25.1,-0.092,0.177,517.33,10.28,9.5,83.78,326.99
2024-10-18,West,32.79,24.52,-0.094,0.188,514.77,10.64,9.97,84.49,335.24
2024-10-18,Central,32.55,24.28,-0.089,0.168,516.75,10.11,9.55,84.69,330.69
2024-10-19,North,31.69,24.13,-0.091,0.188,526.92,10.42,9.99,86.0,337.74
2024-10-19,South,27.67,24.67,-0.079,0.173,514.36,10.52,9.44,84.9,333.06
2024-10-19,East,25.34,24.83,-0.114,0.172,516.47,10.38,9.63,83.68,326.54
2024-10-19,West,30.85,24.29,-0.099,0.175,512.98,10.52,9.81,84.64,332.81
2024-10-19,Central,32.09,24.19,-0.086,0.162,515.71,10.42,9.44,84.14,331.92
2024-10-20,North,33.39,24.02,-0.088,0.194,522.01,10.62,9.61,85.72,339.14
2024-10-20,South,29.84,24.81,-0.083,0.18,517.16,10.49,9.51,85.31,333.93
2024-10-20,East,24.81,25.02,-0.116,0.164,518.2,10.63,9.37,84.38,325.93
2024-10-20,West,31.81,24.42,-0.084,0.195,511.72,10.62,9.82,84.38,333.47
2024-10-20,Central,32.63,24.28,-0.109,0.174,519.15,10.15,9.64,84.58,329.69
2024-10-21,North,34.5,23.99,-0.075,0.2,528.12,10.73,9.63,85.82,339.81
2024-10-21,South,30.56,24.61,-0.085,0.191,516.57,10.41,9.64,85.46,335.81
2024-10-21,East,27.59,24.99,-0.129,0.171,519.46,10.64,9.6,83.85,327.98
2024-10-21,West,33.28,24.08,-0.104,0.191,512.04,10.81,9.79,84.56,334.37
2024-10-21,Central,33.46,24.06,-0.105,0.179,522.35,10.2,9.35,84.02,331.68
2024-10-22,North,32.0,24.01,-0.077,0.179,525.62,10.56,9.86,86.14,338.17
2024-10-22,South,27.75,24.74,-0.079,0.144,513.44,10.37,9.72,85.01,333.97
2024-10-22,East,24.79,24.79,-0.12,0.138,517.54,10.52,9.54,83.85,327.52
2024-10-22,West,28.35,24.35,-0.096,0.14,513.47,10.71,9.69,84.83,333.7
2024-10-22,Central,30.54,24.14,-0.095,0.143,519.66,10.37,9.52,84.1,330.78
2024-10-23,North,32.67,24.02,-0.098,0.184,523.6,10.72,9.7,85.86,339.34
2024-10-23,South,29.3,24.86,-0.098,0.179,517.02,10.54,9.6,85.11,335.72
2024-10-23,East,25.23,24.97,-0.127,0.158,515.85,10.53,9.64,83.71,328.37
2024-10-23,West,31.24,24.45,-0.115,0.186,514.34,10.66,9.62,84.94,334.51
2024-10-23,Central,31.28,24.35,-0.115,0.16,518.85,10.45,9.57,84.48,332.0
2024-10-24,North,37.97,23.95,-0.109,0.18,519.27,10.87,9.49,85.98,340.31
2024-10-24,South,31.87,24.79,-0.13,0.159,515.16,10.45,9.7,85.08,336.6
2024-10-24,East,30.18,24.92,-0.156,0.175,517.78,10.54,9.54,84.24,330.79
2024-10-24,West,34.22,24.24,-0.165,0.201,513.77,10.72,9.77,84.76,336.53
2024-10-24,Central,34.76,24.17,-0.152,0.169,519.24,10.35,9.41,84.28,333.24
2024-10-25,North,38.59,24.17,-0.095,0.2,524.48,10.9,9.64,85.97,341.28
2024-10-25,South,32.85,24.95,-0.096,0.198,515.5,10.56,9.74,85.25,337.27
2024-10-25,East,31.05,25.04,-0.12,0.18,521.83,10.58,9.64,84.18,329.99
2024-10-25,West,35.18,24.49,-0.116,0.19,512.03,10.34,9.74,84.88,336.72
2024-10-25,Central,36.24,24.24,-0.124,0.203,518.64,10.41,9.6,84.64,333.13
2024-10-26,North,37.42,24.04,-0.063,0.21,528.92,10.75,9.63,86.16,341.32
2024-10-26,South,34.37,24.59,-0.089,0.187,517.5,10.39,9.63,85.54,338.08
2024-10-26,East,32.83,24.78,-0.106,0.199,519.11,10.47,9.44,84.23,331.59
2024-10-26,West,37.31,24.15,-0.094,0.191,513.42,10.86,9.88,85.32,337.54
2024-10-26,Central,38.93,24.24,-0.116,0.198,519.11,10.45,9.3,84.38,334.88
2024-10-27,North,39.03,24.01,-0.081,0.225,527.34,10.87,9.74,86.31,342.29
2024-10-27,South,32.25,24.85,-0.081,0.211,517.32,10.5,9.56,85.24,337.14
2024-10-27,East,31.58,25.0,-0.119,0.176,517.99,10.51,9.46,83.76,331.59
2024-10-27,West,35.67,24.58,-0.081,0.184,513.15,10.75,9.77,84.64,337.73
2024-10-27,Central,37.16,24.36,-0.112,0.192,516.82,10.45,9.4,84.92,335.25
2024-10-28,North,36.24,24.15,-0.072,0.185,526.4,10.76,9.63,86.07,339.68
2024-10-28,South,30.55,24.88,-0.097,0.18,516.25,10.43,9.52,85.52,335.93
2024-10-28,East,29.21,24.93,-0.118,0.162,521.1,10.43,9.38,84.17,329.69
2024-10-28,West,33.44,24.44,-0.091,0.164,515.76,10.76,9.81,84.96,335.87
2024-10-28,Central,32.83,24.5,-0.12,0.159,518.72,10.39,9.52,84.68,333.03
2024-10-29,North,32.73,24.19,-0.043,0.192,527.71,10.78,9.51,86.1,340.03
2024-10-29,South,28.36,24.98,-0.055,0.181,517.71,10.55,9.5,85.16,334.36
2024-10-29,East,26.51,25.25,-0.11,0.152,523.54,10.6,9.37,84.11,327.73
2024-10-29,West,30.22,24.62,-0.093,0.178,517.1,10.75,9.58,85.11,334.4
2024-10-29,Central,30.91,24.49,-0.072,0.184,514.35,10.48,9.43,84.59,332.02
2024-10-30,North,32.57,24.27,-0.05,0.173,529.32,10.84,9.69,86.44,340.12
2024-10-30,South,28.09,25.0,-0.042,0.171,516.47,10.38,9.47,85.88,335.16
2024-10-30,East,25.31,25.19,-0.085,0.153,520.16,10.59,9.41,84.49,328.74
2024-10-30,West,31.01,24.69,-0.073,0.162,515.97,10.8,9.87,85.3,334.65
2024-10-30,Central,30.15,24.51,-0.076,0.188,518.45,10.42,9.42,85.18,331.04
2024-10-31,North,31.12,24.17,-0.044,0.152,530.72,10.92,9.47,86.5,338.23
2024-10-31,South,27.36,24.86,-0.057,0.167,518.82,10.61,9.32,85.71,334.44
2024-10-31,East,25.65,25.03,-0.078,0.159,516.91,10.59,9.52,84.92,326.87
2024-10-31,West,27.89,24.41,-0.06,0.175,516.13,10.73,9.7,86.06,333.3
2024-10-31,Central,29.97,24.28,-0.082,0.163,520.58,10.51,9.53,84.95,331.08
2024-11-01,North,29.77,24.37,-0.023,0.188,525.88,10.71,9.5,87.42,339.53
2024-11-01,South,25.35,25.03,-0.022,0.191,517.19,10.42,9.59,86.02,335.11
2024-11-01,East,22.51,25.1,-0.062,0.146,521.35,10.57,9.62,84.85,328.67
2024-11-01,West,26.39,24.57,-0.029,0.164,515.31,10.74,9.46,85.52,333.88
2024-11-01,Central,29.61,24.49,-0.025,0.166,518.35,10.4,9.49,85.37,331.09
2024-11-02,North,30.22,24.22,-0.041,0.19,528.11,10.84,9.65,87.02,340.21
2024-11-02,South,25.33,25.0,-0.006,0.163,517.44,10.54,9.5,86.15,335.13
2024-11-02,East,22.77,25.25,-0.061,0.169,526.37,10.72,9.28,85.14,327.73
2024-11-02,West,29.55,24.48,-0.043,0.169,518.04,10.7,9.66,85.78,333.17
2024-11-02,Central,29.43,24.46,-0.063,0.166,520.18,10.46,9.52,85.28,331.64
2024-11-03,North,31.77,24.28,0.01,0.162,526.8,10.67,9.53,86.37,341.18
2024-11-03,South,26.84,24.91,-0.024,0.141,517.65,10.54,9.52,86.32,336.76
2024-11-03,East,24.84,25.24,-0.078,0.122,518.63,10.78,9.41,84.93,330.22
2024-11-03,West,31.1,24.52,-0.031,0.141,515.73,10.94,9.77,85.45,335.41
2024-11-03,Central,29.92,24.41,-0.048,0.129,519.09,10.62,9.61,84.99,332.96
2024-11-04,North,29.75,24.16,-0.013,0.144,529.08,10.83,9.56,86.84,339.32
2024-11-04,South,25.78,24.95,-0.02,0.159,518.56,10.67,9.46,85.9,334.17
2024-11-04,East,22.26,25.26,-0.041,0.137,522.0,10.58,9.32,84.87,327.6
2024-11-04,West,26.86,24.53,-0.043,0.151,518.86,10.79,9.76,85.81,333.78
2024-11-04,Central,28.15,24.36,-0.041,0.143,519.57,10.42,9.35,85.5,330.63
2024-11-05,North,29.43,24.05,-0.018,0.17,529.93,10.89,9.52,87.17,338.51
2024-11-05,South,25.19,24.9,-0.037,0.168,515.68,10.72,9.49,86.39,334.37
2024-11-05,East,22.55,25.01,-0.059,0.141,523.7,10.73,9.27,84.93,327.59
2024-11-05,West,26.77,24.39,-0.04,0.145,514.43,10.91,9.91,85.58,334.95
2024-11-05,Central,28.0,24.51,-0.042,0.169,519.39,10.61,9.38,85.64,332.33
2024-11-06,North,31.58,24.33,-0.013,0.162,526.2,10.88,9.7,86.95,341.78
2024-11-06,South,26.9,24.94,-0.032,0.155,520.11,10.67,9.49,86.45,336.1
2024-11-06,East,23.74,25.04,-0.077,0.135,523.61,10.79,9.3,84.52,329.82
2024-11-06,West,30.62,24.57,-0.037,0.146,516.93,10.85,9.79,85.63,336.69
2024-11-06,Central,29.65,24.5,-0.055,0.135,518.85,10.49,9.23,85.61,333.95
2024-11-07,North,29.78,24.27,-0.014,0.185,529.94,10.7,9.33,86.91,339.99
2024-11-07,South,26.19,24.84,-0.041,0.163,518.13,10.82,9.48,86.2,336.71
2024-11-07,East,23.41,25.23,-0.057,0.168,521.23,10.54,9.37,84.87,329.9
2024-11-07,West,29.19,24.59,-0.06,0.154,518.64,10.69,9.66,86.07,335.02
2024-11-07,Central,28.83,24.54,-0.044,0.161,518.51,10.42,9.51,85.21,332.74
2024-11-08,North,32.07,24.45,-0.007,0.194,533.51,10.95,9.54,87.4,340.23
2024-11-08,South,27.5,25.18,-0.024,0.158,516.21,10.77,9.54,86.26,337.89
2024-11-08,East,24.97,25.28,-0.061,0.146,521.04,10.65,9.34,84.9,330.39
2024-11-08,West,31.6,24.67,-0.023,0.157,516.82,10.85,9.86,86.06,336.28
2024-11-08,Central,31.49,24.71,-0.033,0.178,522.63,10.56,9.39,85.05,332.57
2024-11-09,North,30.89,24.37,-0.021,0.189,527.59,10.75,9.44,87.02,339.63
2024-11-09,South,28.78,25.08,-0.025,0.18,518.58,10.49,9.76,86.39,336.82
2024-11-09,East,24.31,25.1,-0.063,0.154,520.33,10.76,9.54,85.56,330.18
2024-11-09,West,30.93,24.78,-0.023,0.156,516.64,10.69,9.76,85.97,335.71
2024-11-09,Central,28.15,24.56,-0.07,0.172,519.79,10.66,9.37,85.23,331.95
2024-11-10,North,31.6,24.4,-0.006,0.163,530.05,10.98,9.7,87.6,339.71
2024-11-10,South,27.82,25.0,-0.014,0.149,519.63,10.49,9.68,86.74,335.97
2024-11-10,East,25.3,25.29,-0.033,0.135,522.2,10.75,9.24,85.46,329.85
2024-11-10,West,31.68,24.82,-0.033,0.15,516.18,11.04,9.64,85.71,335.86
2024-11-10,Central,31.91,24.72,-0.036,0.141,522.05,10.62,9.42,85.64,333.17
2024-11-11,North,35.12,24.37,-0.017,0.153,534.12,10.87,9.49,87.13,341.17
2024-11-11,South,28.77,25.17,-0.024,0.153,516.98,10.45,9.49,86.08,337.13
2024-11-11,East,25.16,25.34,-0.048,0.121,527.23,10.74,9.29,85.3,329.67
2024-11-11,West,33.22,24.51,-0.039,0.156,516.27,10.76,9.56,86.2,337.08
2024-11-11,Central,34.11,24.61,-0.046,0.163,524.55,10.69,9.44,85.48,334.47
2024-11-12,North,35.87,24.65,0.002,0.189,527.6,11.06,9.59,87.83,341.32
2024-11-12,South,31.31,25.38,-0.021,0.161,517.22,10.8,9.42,86.68,337.12
2024-11-12,East,28.08,25.53,-0.064,0.152,524.25,10.97,9.48,85.6,330.99
2024-11-12,West,33.25,25.0,-0.043,0.189,517.39,10.79,9.66,86.04,337.09
2024-11-12,Central,33.21,25.01,-0.034,0.189,519.51,10.32,9.4,85.79,333.75
2024-11-13,North,36.09,24.58,0.01,0.154,528.35,10.88,9.57,87.77,340.97
2024-11-13,South,31.83,25.12,-0.025,0.169,518.3,10.53,9.49,86.97,338.04
2024-11-13,East,29.47,25.36,-0.049,0.163,527.15,10.81,9.26,85.1,331.41
2024-11-13,West,35.14,24.68,-0.04,0.147,518.11,10.76,9.75,86.29,336.05
2024-11-13,Central,36.57,24.81,-0.034,0.169,520.62,10.72,9.49,85.34,334.21
2024-11-14,North,35.7,24.59,-0.013,0.162,527.76,10.93,9.72,87.42,342.18
2024-11-14,South,32.06,25.29,-0.013,0.163,518.17,10.72,9.32,86.96,337.32
2024-11-14,East,29.22,25.5,-0.03,0.167,526.03,10.84,9.58,85.77,331.24
2024-11-14,West,33.1,25.07,-0.019,0.169,517.55,10.95,9.77,86.25,336.67
2024-11-14,Central,33.49,24.91,-0.034,0.158,518.36,10.57,9.38,86.08,334.75
2024-11-15,North,37.21,24.79,-0.041,0.155,529.54,11.14,9.63,87.5,341.95
2024-11-15,South,32.2,25.55,-0.038,0.139,518.46,10.5,9.57,87.05,338.63
2024-11-15,East,29.25,25.72,-0.07,0.137,523.55,10.82,9.41,85.8,332.02
2024-11-15,West,32.7,25.15,-0.063,0.149,514.25,10.94,9.62,87.05,335.82
2024-11-15,Central,35.7,24.97,-0.063,0.123,520.65,10.52,9.3,86.08,335.5
2024-11-16,North,36.34,24.87,-0.013,0.181,531.09,10.91,9.39,87.64,341.6
2024-11-16,South,29.78,25.3,-0.018,0.139,522.77,10.72,9.46,87.12,337.24
2024-11-16,East,28.69,25.53,-0.043,0.143,524.44,10.96,9.46,85.85,329.95
2024-11-16,West,32.13,25.0,-0.029,0.158,515.9,11.04,9.77,86.51,336.16
2024-11-16,Central,32.74,24.96,-0.043,0.154,521.39,10.48,9.4,86.13,333.4
2024-11-17,North,34.23,25.04,-0.012,0.187,530.88,11.08,9.51,88.13,342.35
2024-11-17,South,31.93,25.79,-0.024,0.203,521.86,10.87,9.46,87.11,338.19
2024-11-17,East,27.91,25.8,-0.057,0.168,527.43,10.84,9.37,86.29,330.12
2024-11-17,West,33.3,25.15,-0.037,0.162,514.44,10.82,9.89,86.93,337.87
2024-11-17,Central,33.57,25.11,-0.051,0.152,522.01,10.61,9.24,86.55,334.52
2024-11-18,North,33.8,25.04,0.015,0.151,532.32,10.93,9.63,88.04,342.83
2024-11-18,South,31.37,25.77,0.006,0.164,523.48,10.56,9.77,87.75,338.5
2024-11-18,East,29.81,26.06,-0.022,0.131,525.44,10.92,9.42,86.28,332.55
2024-11-18,West,34.35,25.3,-0.012,0.153,516.56,10.9,9.83,87.06,338.86
2024-11-18,Central,34.3,25.28,-0.039,0.153,522.97,10.67,9.16,87.19,335.42
2024-11-19,North,36.24,25.21,0.001,0.176,534.0,11.06,9.73,88.62,343.16
2024-11-19,South,32.21,26.02,-0.006,0.165,521.44,10.58,9.7,87.54,338.68
2024-11-19,East,28.99,25.97,-0.049,0.131,524.16,10.81,9.33,86.31,332.63
2024-11-19,West,31.89,25.49,-0.016,0.168,517.88,10.98,9.76,86.88,338.71
2024-11-19,Central,34.59,25.35,-0.021,0.137,526.16,10.52,9.65,87.04,334.64
2024-11-20,North,35.42,25.18,-0.002,0.122,533.16,10.99,9.73,88.48,341.39
2024-11-20,South,32.75,25.92,-0.006,0.159,520.35,10.65,9.51,87.5,337.36
2024-11-20,East,30.76,25.84,-0.02,0.15,527.7,10.8,9.42,86.19,331.92
2024-11-20,West,33.97,25.49,-0.007,0.156,518.89,10.81,9.79,86.88,337.19
2024-11-20,Central,35.84,25.37,-0.021,0.125,529.47,10.59,9.49,86.73,334.4
2024-11-21,North,34.48,25.11,0.043,0.13,532.44,10.97,9.77,88.77,341.52
2024-11-21,South,30.54,25.8,0.033,0.151,520.03,10.78,9.45,87.31,338.15
2024-11-21,East,28.27,26.09,0.025,0.114,524.38,11.0,9.6,86.78,330.1
2024-11-21,West,31.4,25.35,0.042,0.117,516.76,10.95,9.76,87.53,336.7
2024-11-21,Central,33.52,25.25,0.006,0.14,524.16,10.73,9.42,86.63,335.43
2024-11-22,North,33.25,25.11,0.02,0.115,535.53,11.22,9.63,89.15,342.11
2024-11-22,South,30.09,25.75,0.044,0.122,523.32,10.66,9.65,88.01,336.76
2024-11-22,East,25.8,26.08,0.003,0.099,523.34,10.83,9.55,86.64,330.19
2024-11-22,West,31.87,25.39,0.005,0.106,519.49,11.18,9.9,87.26,337.66
2024-11-22,Central,30.46,25.25,-0.002,0.118,525.36,10.55,9.65,87.33,333.49
2024-11-23,North,33.74,25.12,0.083,0.091,530.15,11.1,10.01,88.66,342.99
2024-11-23,South,30.89,25.8,0.064,0.092,521.22,10.69,9.73,88.47,337.57
2024-11-23,East,28.47,26.03,0.007,0.102,526.6,10.82,9.63,87.14,330.73
2024-11-23,West,33.14,25.45,0.021,0.102,518.91,11.11,9.66,87.77,337.51
2024-11-23,Central,31.56,25.24,0.044,0.104,524.88,10.72,9.38,87.6,334.87
2024-11-24,North,36.28,25.26,0.053,0.119,533.91,11.06,9.54,89.18,344.05
2024-11-24,South,29.96,26.02,0.052,0.141,524.23,10.89,9.52,88.46,339.08
2024-11-24,East,27.68,26.12,0.02,0.131,528.88,10.84,9.5,86.96,332.24
2024-11-24,West,34.53,25.46,0.039,0.14,520.8,10.84,9.83,87.95,339.16
2024-11-24,Central,33.95,25.42,0.041,0.117,527.89,10.77,9.19,87.47,337.6
2024-11-25,North,36.15,25.28,0.081,0.11,533.84,11.03,9.69,88.91,344.24
2024-11-25,South,32.25,25.74,0.066,0.144,527.23,10.69,9.65,88.4,340.08
2024-11-25,East,29.66,26.16,0.053,0.112,525.02,10.91,9.36,86.95,334.24
2024-11-25,West,35.27,25.53,0.053,0.129,518.91,11.09,9.63,87.73,339.98
2024-11-25,Central,35.99,25.52,0.05,0.106,524.67,10.72,9.5,87.28,336.71
2024-11-26,North,37.34,25.11,0.099,0.14,533.7,10.98,9.7,89.14,344.67
2024-11-26,South,32.37,25.67,0.069,0.151,523.26,10.82,9.75,88.7,339.89
2024-11-26,East,29.85,25.98,0.046,0.134,525.42,11.01,9.55,87.44,332.84
2024-11-26,West,35.05,25.44,0.056,0.132,521.16,10.95,9.8,87.98,339.03
2024-11-26,Central,35.3,25.29,0.049,0.144,526.24,10.8,9.52,88.01,336.92
2024-11-27,North,34.18,25.11,0.125,0.127,534.85,11.38,9.57,89.81,345.1
2024-11-27,South,28.85,25.9,0.089,0.138,522.56,10.89,9.62,88.27,340.14
2024-11-27,East,27.99,26.15,0.066,0.1,529.96,10.86,9.54,87.56,332.97
2024-11-27,West,33.05,25.49,0.067,0.138,518.78,11.15,9.91,87.98,340.5
2024-11-27,Central,32.69,25.45,0.07,0.137,522.76,10.42,9.47,87.56,337.37
2024-11-28,North,35.7,25.26,0.102,0.182,531.18,11.28,9.92,89.41,344.71
2024-11-28,South,31.04,25.87,0.073,0.156,522.55,10.86,9.84,88.54,340.42
2024-11-28,East,29.02,26.21,0.061,0.144,530.06,11.23,9.74,87.38,333.77
2024-11-28,West,34.35,25.54,0.049,0.184,520.15,11.02,9.86,87.96,341.04
2024-11-28,Central,35.01,25.56,0.058,0.151,526.22,10.64,9.55,87.93,337.03
2024-11-29,North,34.05,25.4,0.084,0.138,531.1,11.06,9.77,89.4,345.14
2024-11-29,South,31.61,26.06,0.061,0.168,522.76,11.13,9.89,88.44,341.36
2024-11-29,East,28.95,26.23,0.016,0.132,534.21,10.84,9.64,87.57,333.59
2024-11-29,West,33.43,25.78,0.052,0.146,524.14,10.99,10.13,87.95,339.92
2024-11-29,Central,34.34,25.69,0.044,0.127,523.85,10.67,9.65,87.7,337.44
2024-11-30,North,37.14,25.42,0.05,0.16,534.3,11.03,9.92,89.2,344.83
2024-11-30,South,32.17,26.19,0.075,0.162,522.56,10.91,9.61,88.66,340.94
2024-11-30,East,30.49,26.4,0.001,0.146,532.04,10.81,9.59,87.49,334.02
2024-11-30,West,35.25,25.71,0.043,0.184,522.75,11.32,9.95,88.27,339.84
2024-11-30,Central,33.47,25.69,0.046,0.149,528.12,10.82,9.42,87.98,336.73
2024-12-01,North,36.99,25.31,0.09,0.165,536.35,11.14,9.75,89.63,343.53
2024-12-01,South,31.1,26.13,0.067,0.159,521.94,10.76,9.73,88.76,339.4
2024-12-01,East,27.42,26.43,0.044,0.163,531.02,11.04,9.49,87.49,334.23
2024-12-01,West,34.1,25.79,0.045,0.149,519.94,10.96,9.85,88.43,340.19
2024-12-01,Central,36.01,25.77,0.028,0.145,525.37,10.88,9.68,87.9,336.88
2024-12-02,North,38.9,25.3,0.084,0.225,535.25,11.21,9.78,89.84,346.43
2024-12-02,South,35.56,26.08,0.059,0.243,525.08,10.91,9.88,89.39,343.05
2024-12-02,East,31.06,26.21,0.034,0.21,530.5,10.93,9.52,87.7,335.16
2024-12-02,West,35.58,25.45,0.046,0.203,523.02,10.9,9.76,88.77,342.15
2024-12-02,Central,38.6,25.5,0.033,0.216,527.13,10.93,9.63,87.88,340.16
2024-12-03,North,35.9,25.14,0.1,0.245,534.07,11.14,9.8,89.77,345.5
2024-12-03,South,33.84,25.86,0.083,0.225,526.47,11.03,9.61,89.37,341.95
2024-12-03,East,29.97,26.05,0.053,0.202,529.8,10.91,9.62,87.84,334.72
2024-12-03,West,32.6,25.62,0.07,0.234,522.96,11.09,9.99,88.63,340.91
2024-12-03,Central,36.39,25.34,0.06,0.209,527.68,10.68,9.5,88.23,338.09
2024-12-04,North,36.68,24.83,0.117,0.223,537.98,11.25,9.73,90.12,346.01
2024-12-04,South,33.06,25.7,0.097,0.213,524.96,10.94,9.8,89.55,342.87
2024-12-04,East,28.71,25.97,0.061,0.195,529.29,11.13,9.54,87.96,334.85
2024-12-04,West,34.55,25.33,0.101,0.233,520.84,11.05,10.08,88.79,342.78
2024-12-04,Central,35.52,24.98,0.071,0.224,527.31,10.85,9.69,88.41,340.01
2024-12-05,North,35.59,25.07,0.1,0.237,537.32,11.19,9.97,90.49,344.99
2024-12-05,South,32.73,25.69,0.095,0.233,526.03,10.97,9.75,89.84,341.08
2024-12-05,East,30.31,25.97,0.056,0.197,529.83,10.75,9.59,88.11,336.27
2024-12-05,West,34.02,25.39,0.076,0.238,523.57,11.06,9.88,89.09,341.05
2024-12-05,Central,36.7,25.28,0.072,0.229,528.05,10.85,9.55,88.05,337.64
2024-12-06,North,36.02,24.89,0.087,0.296,537.73,11.29,10.0,90.71,345.9
2024-12-06,South,33.38,25.87,0.077,0.3,524.53,10.8,9.96,89.66,340.48
2024-12-06,East,27.81,25.84,0.034,0.273,528.96,10.93,9.59,88.03,333.76
2024-12-06,West,33.8,25.41,0.034,0.269,525.48,11.14,10.22,89.2,340.96
2024-12-06,Central,33.12,25.17,0.06,0.267,534.02,10.7,9.62,88.95,338.33
2024-12-07,North,34.92,25.08,0.081,0.25,531.66,11.17,9.76,90.57,345.29
2024-12-07,South,33.49,25.8,0.053,0.25,528.29,10.9,9.69,89.96,341.2
2024-12-07,East,31.14,25.85,0.009,0.224,529.87,11.08,9.64,88.13,335.35
2024-12-07,West,34.15,25.37,0.05,0.229,523.56,11.06,9.83,88.79,340.55
2024-12-07,Central,35.94,25.29,0.032,0.268,526.87,10.84,9.62,88.99,337.85
2024-12-08,North,40.03,24.66,0.101,0.245,537.12,10.86,10.16,90.62,347.94
2024-12-08,South,34.29,25.49,0.084,0.214,525.94,10.8,9.77,89.36,343.59
2024-12-08,East,33.39,25.62,0.063,0.21,532.6,11.12,9.84,88.53,336.82
2024-12-08,West,37.38,24.98,0.058,0.226,527.79,11.0,9.79,89.17,343.04
2024-12-08,Central,40.53,24.97,0.074,0.211,526.92,10.9,9.79,89.06,340.57
2024-12-09,North,38.61,24.72,0.103,0.209,536.64,11.12,9.8,90.58,347.05
2024-12-09,South,33.63,25.21,0.086,0.221,525.58,10.85,9.87,90.0,343.73
2024-12-09,East,32.26,25.36,0.081,0.222,530.77,11.16,9.62,88.6,337.21
2024-12-09,West,34.84,24.93,0.092,0.233,524.77,11.07,9.98,89.13,342.6
2024-12-09,Central,36.82,24.88,0.084,0.186,528.62,10.87,9.85,88.57,340.32
2024-12-10,North,38.47,24.85,0.103,0.211,534.8,11.27,9.96,90.34,348.0
2024-12-10,South,34.99,25.57,0.113,0.211,524.62,11.01,9.86,89.66,344.61
2024-12-10,East,33.23,25.76,0.069,0.204,529.91,11.01,9.7,88.26,337.7
2024-12-10,West,39.46,25.06,0.081,0.215,521.98,11.11,9.88,89.16,343.74
2024-12-10,Central,36.85,25.07,0.076,0.198,530.73,10.81,9.71,88.99,339.58
2024-12-11,North,35.13,24.74,0.104,0.223,538.8,11.25,10.2,90.7,346.64
2024-12-11,South,31.01,25.52,0.087,0.2,526.72,10.92,9.96,89.46,343.36
2024-12-11,East,27.64,25.62,0.047,0.19,531.7,11.07,9.74,88.14,336.64
2024-12-11,West,33.82,24.96,0.097,0.214,526.65,11.01,10.09,89.29,343.6
2024-12-11,Central,34.04,24.91,0.061,0.215,528.95,10.75,9.65,88.8,340.67
2024-12-12,North,36.8,24.88,0.099,0.199,540.84,11.08,10.13,90.78,346.8
2024-12-12,South,31.41,25.75,0.078,0.181,527.25,10.84,9.79,89.3,342.64
2024-12-12,East,28.98,25.89,0.075,0.168,531.78,10.87,9.72,88.5,336.3
2024-12-12,West,33.07,25.15,0.093,0.182,528.12,11.05,10.38,89.46,342.61
2024-12-12,Central,35.94,25.06,0.079,0.192,534.9,10.82,9.54,88.87,340.96
2024-12-13,North,34.77,24.77,0.116,0.25,536.17,11.0,9.91,90.92,346.49
2024-12-13,South,32.26,25.45,0.107,0.209,528.27,10.77,9.93,89.71,344.16
2024-12-13,East,27.67,25.64,0.082,0.21,533.64,11.03,9.93,88.74,337.09
2024-12-13,West,33.42,24.89,0.07,0.204,528.09,11.03,10.24,89.3,343.13
2024-12-13,Central,36.09,24.95,0.096,0.21,529.78,10.81,10.09,89.03,340.17
2024-12-14,North,34.92,24.91,0.118,0.194,541.04,11.12,10.18,90.88,347.41
2024-12-14,South,30.77,25.45,0.105,0.201,529.36,10.85,10.0,89.8,344.22
2024-12-14,East,28.41,25.95,0.083,0.182,532.87,10.97,9.98,88.71,336.37
2024-12-14,West,32.7,25.27,0.097,0.193,523.53,10.97,10.08,89.79,341.77
2024-12-14,Central,35.58,25.21,0.096,0.191,530.89,10.88,10.02,89.3,340.57
2024-12-15,North,37.66,25.11,0.136,0.214,538.41,11.57,10.08,90.85,348.77
2024-12-15,South,32.88,25.8,0.108,0.197,529.25,10.82,9.96,90.08,343.05
2024-12-15,East,31.3,25.96,0.097,0.191,532.38,11.0,9.94,88.47,336.96
2024-12-15,West,37.01,25.2,0.113,0.213,526.53,11.33,10.31,89.51,343.86
2024-12-15,Central,37.09,25.13,0.116,0.214,534.44,10.86,9.9,89.26,342.01
2024-12-16,North,36.53,25.03,0.161,0.244,541.95,11.27,10.12,90.82,349.15
2024-12-16,South,32.49,25.9,0.15,0.23,530.56,11.01,10.13,90.29,343.75
2024-12-16,East,31.53,26.04,0.126,0.209,529.67,10.98,10.07,88.74,337.69
2024-12-16,West,36.01,25.55,0.157,0.223,525.67,11.08,10.38,89.6,345.3
2024-12-16,Central,36.78,25.32,0.126,0.221,531.89,10.62,9.89,89.29,341.87
2024-12-17,North,36.77,25.35,0.16,0.228,539.69,11.07,10.1,91.08,350.01
2024-12-17,South,32.2,26.09,0.14,0.219,531.04,11.01,10.04,90.09,346.52
2024-12-17,East,28.81,26.37,0.135,0.211,536.25,11.07,9.75,88.77,337.77
2024-12-17,West,35.81,25.66,0.14,0.215,526.86,11.13,10.29,89.55,345.33
2024-12-17,Central,35.58,25.52,0.14,0.236,532.78,10.78,9.85,89.57,340.05
2024-12-18,North,37.68,25.81,0.12,0.245,535.9,10.95,10.02,90.85,350.94
2024-12-18,South,32.88,26.3,0.132,0.207,532.59,11.05,9.96,90.14,344.85
2024-12-18,East,30.56,26.58,0.109,0.203,537.82,10.97,9.94,89.27,338.98
2024-12-18,West,37.98,25.92,0.125,0.226,526.59,11.07,9.99,89.83,346.15
2024-12-18,Central,37.02,25.84,0.124,0.183,532.85,11.02,9.89,89.02,343.61
2024-12-19,North,35.24,25.62,0.13,0.203,539.95,11.4,10.16,91.4,349.35
2024-12-19,South,31.7,26.22,0.122,0.195,529.93,10.7,10.15,89.89,345.16
2024-12-19,East,29.53,26.66,0.098,0.166,534.93,11.15,9.86,89.17,337.62
2024-12-19,West,32.84,25.89,0.118,0.188,532.36,11.1,10.29,90.28,344.02
2024-12-19,Central,34.81,25.82,0.098,0.179,531.43,10.78,10.21,89.47,341.76
2024-12-20,North,34.81,25.35,0.181,0.182,543.57,11.15,9.98,91.31,348.92
2024-12-20,South,30.14,26.27,0.142,0.194,532.75,11.0,10.1,90.57,345.45
2024-12-20,East,28.17,26.41,0.109,0.151,536.63,10.9,9.89,89.04,338.91
2024-12-20,West,33.66,25.8,0.149,0.185,531.6,11.01,10.29,89.66,344.62
2024-12-20,Central,34.23,25.65,0.144,0.174,537.97,10.72,9.83,89.68,342.22
2024-12-21,North,37.55,25.62,0.176,0.196,540.71,11.58,10.33,91.05,350.84
2024-12-21,South,34.74,26.19,0.16,0.15,532.78,10.58,10.06,90.92,346.63
2024-12-21,East,30.2,26.56,0.13,0.165,539.27,11.06,10.07,89.57,339.49
2024-12-21,West,35.19,25.71,0.174,0.179,526.09,11.18,10.42,90.47,346.49
2024-12-21,Central,35.28,25.77,0.147,0.179,532.1,10.72,10.09,89.91,344.26
2024-12-22,North,33.9,25.71,0.194,0.196,543.55,11.19,10.29,91.57,349.34
2024-12-22,South,29.63,26.48,0.163,0.18,534.79,10.99,10.21,91.13,346.76
2024-12-22,East,27.59,26.56,0.154,0.158,534.4,11.11,10.07,89.43,341.25
2024-12-22,West,32.46,25.85,0.161,0.177,527.82,11.1,10.52,90.29,346.25
2024-12-22,Central,34.05,25.79,0.159,0.175,535.51,10.82,10.03,90.12,343.46
2024-12-23,North,32.95,25.67,0.168,0.148,539.64,11.29,10.21,91.52,351.22
2024-12-23,South,28.85,26.45,0.161,0.152,531.57,10.78,10.07,90.99,345.81
2024-12-23,East,27.37,26.45,0.141,0.151,533.63,11.15,9.99,89.28,339.52
2024-12-23,West,32.81,26.0,0.173,0.151,526.21,11.09,10.01,90.2,345.51
2024-12-23,Central,33.74,25.81,0.15,0.159,535.01,10.65,10.12,89.94,343.07
2024-12-24,North,34.05,25.67,0.162,0.192,541.83,11.44,10.28,91.62,352.77
2024-12-24,South,30.73,26.36,0.175,0.19,531.63,10.74,9.9,91.34,347.42
2024-12-24,East,27.64,26.52,0.132,0.179,535.24,11.06,10.14,89.63,339.3
2024-12-24,West,31.59,25.87,0.161,0.17,527.8,11.06,10.47,90.79,346.11
2024-12-24,Central,33.6,25.8,0.153,0.152,531.96,11.13,10.22,89.85,346.14
2024-12-25,North,38.53,25.89,0.2,0.189,542.18,11.24,10.36,92.01,354.19
2024-12-25,South,34.75,26.51,0.178,0.194,531.62,10.87,10.02,91.44,350.32
2024-12-25,East,30.39,26.82,0.14,0.178,537.86,10.94,10.31,90.04,343.08
2024-12-25,West,36.23,26.17,0.158,0.16,531.9,11.14,10.54,90.86,349.29
2024-12-25,Central,36.77,26.05,0.143,0.172,533.23,10.81,10.19,90.41,345.66
2024-12-26,North,40.36,25.92,0.188,0.213,540.15,11.26,10.5,91.62,354.9
2024-12-26,South,35.82,26.39,0.156,0.192,532.99,11.03,9.99,91.03,351.03
2024-12-26,East,33.95,26.74,0.149,0.198,537.98,11.01,10.06,89.97,343.92
2024-12-26,West,38.68,26.08,0.168,0.197,531.77,11.1,10.41,90.79,350.15
2024-12-26,Central,39.01,26.11,0.149,0.193,537.16,10.57,9.97,90.54,348.07
2024-12-27,North,39.91,26.11,0.185,0.259,543.01,11.4,10.42,92.02,354.62
2024-12-27,South,37.12,26.94,0.168,0.248,533.56,10.93,10.27,91.13,350.89
2024-12-27,East,33.75,27.01,0.141,0.217,540.08,10.86,10.03,90.44,344.34
2024-12-27,West,38.05,26.32,0.146,0.225,531.77,11.13,10.44,90.82,351.0
2024-12-27,Central,38.13,26.39,0.15,0.221,534.75,10.86,10.35,90.37,347.86
2024-12-28,North,42.78,26.23,0.199,0.232,545.18,11.25,10.22,92.09,356.18
2024-12-28,South,38.05,26.83,0.188,0.226,534.62,10.93,10.15,91.73,350.65
2024-12-28,East,35.85,27.17,0.145,0.22,537.27,10.95,10.2,90.33,344.67
2024-12-28,West,39.12,26.41,0.168,0.21,531.0,11.13,10.56,91.18,351.11
2024-12-28,Central,40.98,26.36,0.164,0.223,536.96,11.07,10.25,90.91,347.21
2024-12-29,North,40.79,26.31,0.189,0.218,545.08,11.44,10.39,92.59,354.73
2024-12-29,South,38.06,27.17,0.178,0.227,534.77,11.04,10.3,91.82,350.56
2024-12-29,East,34.07,27.2,0.155,0.207,537.18,11.2,10.08,90.36,343.63
2024-12-29,West,38.36,26.7,0.152,0.203,532.91,11.16,10.33,91.45,350.03
2024-12-29,Central,40.18,26.65,0.141,0.223,536.21,10.96,10.15,90.83,346.43
2024-12-30,North,44.72,26.36,0.196,0.226,545.88,11.27,10.54,92.65,355.89
2024-12-30,South,40.25,27.13,0.167,0.203,531.12,10.83,10.35,91.73,352.69
2024-12-30,East,36.02,27.32,0.147,0.195,542.51,11.04,10.09,90.47,344.7
2024-12-30,West,41.15,26.72,0.188,0.196,528.84,11.07,10.46,90.83,350.99
2024-12-30,Central,41.24,26.75,0.143,0.206,536.5,10.79,10.35,90.64,347.26
2024-12-31,North,41.48,26.6,0.189,0.188,543.26,11.22,10.32,92.86,353.85
2024-12-31,South,38.41,27.22,0.174,0.211,534.26,11.04,10.4,92.01,349.59
2024-12-31,East,34.46,27.39,0.156,0.196,540.82,10.94,10.09,90.49,342.72
2024-12-31,West,39.35,26.76,0.157,0.195,530.33,11.0,10.4,91.17,349.7
2024-12-31,Central,40.64,26.71,0.158,0.204,538.26,10.9,10.22,91.04,345.89
2025-01-01,North,44.06,26.35,0.196,0.21,546.55,11.27,10.33,92.7,355.81
2025-01-01,South,39.68,27.06,0.189,0.214,535.59,10.95,10.35,92.08,350.9
2025-01-01,East,36.63,27.33,0.171,0.175,541.48,10.85,10.18,90.74,344.19
2025-01-01,West,40.33,26.75,0.174,0.19,531.03,11.26,10.57,91.42,350.57
2025-01-01,Central,42.03,26.76,0.165,0.209,536.3,10.72,10.23,91.34,347.4
2025-01-02,North,43.81,26.3,0.22,0.211,548.6,11.09,10.19,92.62,356.17
2025-01-02,South,39.99,26.91,0.208,0.19,535.42,10.84,10.25,92.25,354.05
2025-01-02,East,34.59,27.24,0.195,0.183,540.7,11.03,10.25,90.76,345.4
2025-01-02,West,41.1,26.62,0.205,0.203,535.46,11.37,10.46,91.76,351.72
2025-01-02,Central,42.81,26.44,0.195,0.192,535.4,10.91,10.3,91.07,348.81
2025-01-03,North,41.35,26.34,0.251,0.165,544.2,11.15,10.13,92.8,355.36
2025-01-03,South,37.41,26.98,0.217,0.157,535.85,10.98,10.3,91.64,351.85
2025-01-03,East,36.68,27.37,0.205,0.144,538.39,11.19,10.16,90.79,346.12
2025-01-03,West,39.69,26.42,0.202,0.16,536.29,11.2,10.71,91.85,352.18
2025-01-03,Central,40.94,26.44,0.194,0.153,537.42,10.82,10.15,91.56,348.71
2025-01-04,North,41.91,26.51,0.257,0.156,544.2,11.35,10.35,93.09,356.4
2025-01-04,South,37.16,27.11,0.225,0.149,537.52,10.94,10.47,92.37,351.35
2025-01-04,East,36.32,27.34,0.217,0.137,540.68,10.99,9.89,90.98,344.47
2025-01-04,West,38.76,26.77,0.228,0.137,533.54,11.22,10.54,91.49,350.28
2025-01-04,Central,41.82,26.6,0.241,0.136,536.36,11.01,10.15,91.36,348.81
2025-01-05,North,42.08,26.45,0.245,0.168,543.2,11.13,10.41,92.96,356.32
2025-01-05,South,40.41,27.14,0.237,0.169,534.73,10.91,10.1,92.31,353.29
2025-01-05,East,34.31,27.48,0.209,0.158,543.8,10.94,10.5,91.11,344.42
2025-01-05,West,40.67,26.68,0.228,0.149,535.01,11.2,10.52,91.72,351.42
2025-01-05,Central,40.95,26.85,0.199,0.153,537.14,10.62,10.27,91.17,347.84
2025-01-06,North,43.68,26.42,0.261,0.163,547.9,11.07,10.45,93.15,355.04
2025-01-06,South,38.42,27.1,0.232,0.161,540.34,10.97,10.39,92.74,351.87
2025-01-06,East,36.4,27.19,0.194,0.173,540.88,11.3,10.24,90.9,345.66
2025-01-06,West,39.63,26.62,0.229,0.156,536.14,11.33,10.5,92.0,350.84
2025-01-06,Central,40.24,26.65,0.215,0.166,537.37,10.75,10.3,91.2,349.1
2025-01-07,North,43.33,26.22,0.251,0.201,546.85,11.19,10.31,93.3,356.11
2025-01-07,South,38.12,26.87,0.226,0.194,537.24,10.82,10.22,92.49,353.92
2025-01-07,East,37.31,26.98,0.209,0.215,542.0,11.04,10.27,91.27,346.66
2025-01-07,West,44.42,26.47,0.235,0.198,533.92,11.13,10.56,92.25,352.83
2025-01-07,Central,41.83,26.53,0.216,0.184,538.49,10.77,10.36,91.57,350.5
2025-01-08,North,43.79,26.19,0.238,0.27,546.94,11.19,10.56,93.35,358.6
2025-01-08,South,41.82,26.84,0.242,0.246,540.82,10.71,10.42,92.79,354.61
2025-01-08,East,35.54,27.22,0.221,0.249,544.44,11.06,10.38,91.28,347.86
2025-01-08,West,40.27,26.29,0.226,0.236,535.68,11.1,10.49,92.07,353.73
2025-01-08,Central,40.98,26.32,0.225,0.234,536.65,10.68,10.42,92.13,350.49
2025-01-09,North,44.95,25.85,0.233,0.238,549.32,11.26,10.8,93.88,358.41
2025-01-09,South,40.59,26.64,0.213,0.246,535.82,10.88,10.56,92.62,354.16
2025-01-09,East,37.88,26.75,0.185,0.235,540.3,11.24,10.3,91.5,346.61
2025-01-09,West,43.18,26.3,0.217,0.239,535.22,11.03,10.48,91.74,353.55
2025-01-09,Central,44.19,26.01,0.192,0.251,542.56,10.84,10.23,91.85,350.8
2025-01-10,North,45.75,25.84,0.231,0.292,548.24,11.18,10.73,93.45,359.92
2025-01-10,South,42.36,26.76,0.219,0.301,538.62,10.94,10.56,92.38,355.49
2025-01-10,East,37.8,26.92,0.193,0.277,546.65,10.91,10.45,91.24,349.21
2025-01-10,West,43.77,26.34,0.21,0.289,535.03,11.23,10.75,92.04,354.92
2025-01-10,Central,44.6,26.2,0.179,0.282,538.9,10.6,10.39,91.43,353.54
2025-01-11,North,45.71,26.23,0.239,0.318,547.07,11.35,10.48,93.54,359.29
2025-01-11,South,41.87,26.77,0.21,0.315,540.47,10.72,10.46,92.75,355.51
2025-01-11,East,38.73,27.08,0.169,0.306,544.17,10.95,10.27,91.47,348.79
2025-01-11,West,43.99,26.5,0.208,0.274,535.03,11.19,10.74,91.99,355.01
2025-01-11,Central,45.75,26.46,0.199,0.302,541.56,10.91,10.36,91.59,353.53
2025-01-12,North,45.03,26.36,0.224,0.339,549.3,11.24,10.73,93.34,359.54
2025-01-12,South,41.17,26.99,0.223,0.333,538.99,10.91,10.65,92.97,354.96
2025-01-12,East,38.98,27.17,0.18,0.326,545.89,11.02,10.43,91.41,349.39
2025-01-12,West,43.65,26.44,0.215,0.317,538.98,11.13,10.62,92.33,355.25
2025-01-12,Central,45.1,26.39,0.188,0.327,545.59,10.81,10.34,91.93,353.26
2025-01-13,North,45.79,25.99,0.238,0.365,551.61,11.06,10.4,93.65,360.39
2025-01-13,South,41.32,26.67,0.235,0.359,541.37,11.03,10.5,93.15,354.76
2025-01-13,East,39.31,26.92,0.199,0.355,542.38,11.07,10.26,91.77,349.69
2025-01-13,West,43.47,26.31,0.236,0.361,538.53,11.06,10.78,92.84,356.68
2025-01-13,Central,44.68,25.99,0.2,0.349,540.55,10.9,10.4,91.87,353.6
2025-01-14,North,45.87,25.95,0.249,0.377,550.34,11.25,10.56,93.92,361.13
2025-01-14,South,41.18,26.74,0.248,0.381,540.44,10.94,10.66,93.17,356.59
2025-01-14,East,39.02,26.93,0.203,0.367,543.4,11.1,10.66,91.95,349.55
2025-01-14,West,45.05,26.29,0.237,0.384,536.18,10.97,10.62,92.84,356.55
2025-01-14,Central,45.23,26.3,0.215,0.371,539.25,10.88,10.63,91.64,353.45
2025-01-15,North,49.31,26.08,0.273,0.41,548.94,11.19,10.53,93.63,363.72
2025-01-15,South,44.55,26.65,0.265,0.385,537.49,10.83,10.36,93.22,359.09
2025-01-15,East,41.54,26.98,0.242,0.357,546.01,10.94,10.49,91.72,352.96
2025-01-15,West,47.99,26.28,0.242,0.368,538.51,10.98,10.81,92.9,357.43
2025-01-15,Central,49.73,26.32,0.237,0.358,538.98,10.7,10.57,92.15,356.47
2025-01-16,North,50.76,26.35,0.291,0.386,550.87,11.19,10.58,94.21,364.22
2025-01-16,South,45.34,27.2,0.264,0.363,540.59,10.76,10.56,93.44,360.18
2025-01-16,East,43.12,27.32,0.236,0.337,546.59,11.06,10.49,91.98,354.1
2025-01-16,West,48.93,26.86,0.259,0.364,540.47,11.21,10.82,92.99,359.87
2025-01-16,Central,50.82,26.48,0.24,0.354,541.02,10.78,10.5,92.63,356.76
2025-01-17,North,50.49,26.38,0.267,0.35,552.44,11.1,10.54,94.52,365.16
2025-01-17,South,48.86,27.09,0.278,0.37,539.37,10.77,10.66,93.18,362.01
2025-01-17,East,44.2,27.24,0.234,0.339,547.45,10.91,10.71,91.66,355.74
2025-01-17,West,50.41,26.59,0.265,0.322,537.34,11.09,10.94,92.8,361.86
2025-01-17,Central,51.46,26.61,0.251,0.333,544.2,10.77,10.66,92.14,358.04
2025-01-18,North,57.62,26.35,0.273,0.361,551.67,11.41,10.75,94.13,367.41
2025-01-18,South,52.48,26.96,0.259,0.346,535.87,10.81,10.56,92.77,362.72
2025-01-18,East,49.38,27.24,0.236,0.337,547.33,11.02,10.68,91.8,357.12
2025-01-18,West,54.68,26.65,0.246,0.327,538.34,10.93,10.94,92.64,362.35
2025-01-18,Central,54.14,26.34,0.262,0.323,545.36,10.65,10.36,92.37,359.67
2025-01-19,North,55.83,26.5,0.259,0.365,555.62,11.33,10.57,94.08,366.72
2025-01-19,South,52.47,27.2,0.258,0.347,540.68,10.79,10.51,93.02,363.03
2025-01-19,East,49.63,27.48,0.225,0.332,547.42,10.97,10.59,91.86,356.13
2025-01-19,West,52.98,26.74,0.257,0.321,542.13,11.02,10.62,92.59,361.04
2025-01-19,Central,54.92,26.61,0.221,0.317,543.69,10.81,10.59,92.29,359.73
2025-01-20,North,56.41,26.69,0.268,0.334,546.68,11.14,10.93,93.7,367.25
2025-01-20,South,51.03,27.36,0.262,0.318,539.92,10.84,10.55,92.86,362.38
2025-01-20,East,48.25,27.55,0.223,0.339,547.35,10.8,10.58,91.9,357.89
2025-01-20,West,55.49,26.97,0.244,0.309,536.6,11.2,10.74,92.48,362.7
2025-01-20,Central,54.73,26.82,0.225,0.284,546.48,10.94,10.52,92.34,358.8
2025-01-21,North,57.91,26.73,0.266,0.321,548.44,11.25,10.74,93.78,365.73
2025-01-21,South,51.86,27.6,0.248,0.318,542.04,10.97,10.62,92.85,362.39
2025-01-21,East,48.99,27.53,0.227,0.302,547.45,11.06,10.71,92.15,353.54
2025-01-21,West,53.67,27.16,0.221,0.295,539.76,11.02,10.88,92.7,360.89
2025-01-21,Central,55.79,27.01,0.23,0.321,543.72,10.7,10.56,92.17,357.42
2025-01-22,North,53.9,26.78,0.255,0.264,554.73,11.19,10.5,93.83,365.15
2025-01-22,South,48.08,27.35,0.217,0.258,542.04,10.68,10.78,93.28,359.66
2025-01-22,East,45.6,27.7,0.195,0.23,546.53,10.96,10.56,91.94,353.9
2025-01-22,West,49.49,27.08,0.222,0.244,541.81,11.14,11.01,92.75,360.4
2025-01-22,Central,52.26,26.91,0.203,0.257,548.01,10.83,10.41,92.35,359.21
2025-01-23,North,51.28,26.94,0.249,0.299,558.15,11.19,10.78,94.49,363.88
2025-01-23,South,46.97,27.52,0.225,0.302,541.38,10.81,10.55,93.73,360.91
2025-01-23,East,44.41,27.71,0.191,0.287,548.98,11.0,10.46,92.41,353.37
2025-01-23,West,49.04,27.2,0.209,0.268,542.2,11.22,10.71,93.01,359.03
2025-01-23,Central,51.06,27.15,0.226,0.279,542.22,10.69,10.5,92.92,357.95
2025-01-24,North,50.12,27.04,0.252,0.269,552.82,10.98,10.88,94.37,364.66
2025-01-24,South,46.25,27.76,0.249,0.269,547.49,10.72,10.81,93.98,359.99
2025-01-24,East,43.05,27.82,0.199,0.269,548.81,11.03,10.63,92.02,354.4
2025-01-24,West,48.4,27.29,0.231,0.259,540.11,11.05,10.9,93.42,358.64
2025-01-24,Central,49.19,27.2,0.217,0.284,544.96,10.74,10.34,92.93,355.73
2025-01-25,North,50.62,26.89,0.236,0.296,552.7,11.23,10.9,94.61,365.26
2025-01-25,South,48.25,27.67,0.252,0.291,542.21,10.9,10.8,93.77,360.94
2025-01-25,East,45.77,28.0,0.21,0.274,550.77,10.86,10.49,93.03,353.8
2025-01-25,West,48.65,27.07,0.234,0.294,540.61,10.9,10.59,93.34,360.33
2025-01-25,Central,49.82,27.23,0.226,0.272,544.31,10.82,10.58,92.44,358.63
2025-01-26,North,51.32,27.09,0.265,0.316,553.44,11.04,10.96,94.14,364.66
2025-01-26,South,45.54,27.81,0.254,0.29,540.21,10.86,10.84,93.32,360.65
2025-01-26,East,43.38,28.04,0.213,0.313,550.92,10.9,10.56,92.4,352.72
2025-01-26,West,49.17,27.47,0.232,0.322,542.41,11.18,11.02,93.58,358.71
2025-01-26,Central,51.15,27.31,0.219,0.297,545.13,10.77,10.78,92.82,357.79
2025-01-27,North,51.46,26.97,0.262,0.315,551.52,10.87,10.82,94.12,364.15
2025-01-27,South,46.64,27.69,0.223,0.308,544.22,11.01,10.83,93.92,359.99
2025-01-27,East,43.63,27.98,0.206,0.292,546.64,10.82,10.58,93.18,352.06
2025-01-27,West,51.11,27.19,0.247,0.312,542.19,11.08,10.91,93.55,359.73
2025-01-27,Central,49.18,27.0,0.214,0.292,547.14,10.7,10.64,92.48,355.84
2025-01-28,North,50.36,26.92,0.263,0.341,556.1,11.31,11.05,95.01,365.37
2025-01-28,South,47.03,27.74,0.254,0.33,541.04,10.64,10.49,93.97,360.92
2025-01-28,East,43.91,27.85,0.215,0.308,548.68,11.04,10.63,93.02,353.91
2025-01-28,West,51.17,27.16,0.221,0.324,543.06,11.2,10.96,93.55,362.28
2025-01-28,Central,51.91,27.29,0.236,0.333,547.01,10.74,10.46,92.96,358.78
2025-01-29,North,52.94,27.17,0.209,0.31,555.56,10.92,11.08,94.95,364.45
2025-01-29,South,48.47,27.77,0.223,0.296,541.41,10.83,10.67,94.09,360.88
2025-01-29,East,45.11,27.88,0.176,0.284,545.5,10.81,10.73,92.84,353.78
2025-01-29,West,52.86,27.38,0.203,0.274,542.89,11.07,10.94,93.25,361.32
2025-01-29,Central,51.37,27.05,0.187,0.284,546.55,10.6,10.76,93.72,356.9
2025-01-30,North,52.09,27.07,0.22,0.344,555.12,11.17,11.01,95.08,365.57
2025-01-30,South,48.12,27.68,0.206,0.355,540.98,10.97,10.85,94.3,360.7
2025-01-30,East,44.37,27.92,0.174,0.306,548.79,10.88,10.72,92.64,354.18
2025-01-30,West,48.31,27.32,0.198,0.35,543.9,10.93,10.83,93.94,360.11
2025-01-30,Central,50.21,27.16,0.188,0.345,546.44,10.56,10.48,93.07,356.98
2025-01-31,North,51.75,26.98,0.223,0.354,559.7,11.04,10.92,95.64,364.5
2025-01-31,South,45.87,27.8,0.22,0.338,543.99,10.88,11.05,94.3,361.19
2025-01-31,East,42.81,28.05,0.199,0.343,546.65,10.9,10.62,93.02,353.59
2025-01-31,West,47.94,27.37,0.208,0.332,544.28,11.04,11.14,93.99,359.85
2025-01-31,Central,49.14,27.25,0.211,0.344,549.34,10.9,10.88,93.97,356.33
2025-02-01,North,51.96,27.14,0.218,0.348,554.97,10.86,11.0,95.21,365.17
2025-02-01,South,47.89,27.85,0.198,0.352,548.15,10.81,10.93,94.36,361.68
2025-02-01,East,44.88,27.96,0.172,0.334,545.95,10.73,10.55,92.74,354.58
2025-02-01,West,48.93,27.3,0.209,0.344,544.5,10.85,11.08,94.26,360.78
2025-02-01,Central,50.62,27.2,0.19,0.343,549.9,10.61,10.85,93.72,358.11
2025-02-02,North,53.51,26.94,0.215,0.362,556.07,11.04,10.98,95.88,366.48
2025-02-02,South,49.98,27.67,0.218,0.383,544.47,10.81,10.76,94.73,362.81
2025-02-02,East,45.94,27.91,0.182,0.362,552.96,10.93,10.58,93.18,355.88
2025-02-02,West,50.11,27.19,0.198,0.371,546.2,10.84,11.17,94.48,361.81
2025-02-02,Central,52.24,27.14,0.194,0.359,544.41,10.78,10.91,93.42,358.85
2025-02-03,North,49.33,26.93,0.245,0.356,560.31,11.14,10.87,95.77,363.8
2025-02-03,South,46.07,27.65,0.249,0.343,544.38,10.83,10.81,95.01,360.67
2025-02-03,East,42.87,28.0,0.204,0.307,550.63,10.63,10.7,93.42,353.28
2025-02-03,West,46.64,27.28,0.216,0.337,542.58,11.05,11.07,94.5,359.85
2025-02-03,Central,50.1,27.22,0.226,0.333,548.53,10.48,10.74,94.3,357.52
2025-02-04,North,49.22,26.86,0.233,0.335,555.64,11.13,10.84,95.66,363.68
2025-02-04,South,44.2,27.56,0.227,0.28,544.23,10.84,10.75,94.88,361.41
2025-02-04,East,42.23,27.82,0.207,0.313,549.25,10.8,10.66,93.63,353.69
2025-02-04,West,46.49,27.17,0.226,0.324,544.84,10.79,11.1,94.38,360.47
2025-02-04,Central,47.16,27.07,0.224,0.309,551.03,10.7,10.76,93.86,357.67
2025-02-05,North,48.86,27.07,0.25,0.367,554.49,10.98,11.01,95.38,366.4
2025-02-05,South,44.58,27.63,0.247,0.327,541.92,10.54,10.9,95.09,361.06
2025-02-05,East,41.92,27.98,0.209,0.338,547.32,10.97,10.55,93.25,354.33
2025-02-05,West,47.54,27.34,0.237,0.336,543.04,11.05,11.05,94.56,361.22
2025-02-05,Central,49.76,27.19,0.227,0.337,548.0,10.7,10.88,94.15,358.47
2025-02-06,North,49.59,26.78,0.239,0.285,559.99,11.11,11.14,95.74,364.1
2025-02-06,South,45.32,27.58,0.213,0.3,544.21,10.61,10.79,95.02,361.06
2025-02-06,East,42.53,27.74,0.202,0.285,552.06,10.93,10.57,93.56,355.13
2025-02-06,West,46.14,27.04,0.201,0.28,544.05,10.82,11.12,94.92,360.0
2025-02-06,Central,48.5,27.0,0.207,0.286,550.45,10.64,10.8,94.62,357.53
2025-02-07,North,51.35,27.06,0.286,0.314,557.47,11.01,11.13,95.81,366.54
2025-02-07,South,46.41,27.74,0.236,0.305,542.63,10.92,10.7,94.53,361.58
2025-02-07,East,43.84,28.04,0.228,0.288,552.62,11.06,10.69,93.77,353.48
2025-02-07,West,48.64,27.47,0.241,0.29,542.9,11.06,11.14,94.42,361.97
2025-02-07,Central,51.39,27.33,0.212,0.282,551.21,10.52,10.72,93.98,358.7
2025-02-08,North,50.02,26.96,0.28,0.316,558.82,11.09,11.08,96.0,365.04
2025-02-08,South,48.55,27.84,0.249,0.284,544.49,10.64,10.92,94.91,362.11
2025-02-08,East,43.89,27.94,0.233,0.288,555.09,11.14,10.82,93.75,355.41
2025-02-08,West,49.78,27.37,0.224,0.305,543.93,11.0,11.09,94.51,360.82
2025-02-08,Central,49.75,27.06,0.232,0.293,550.24,10.57,10.62,94.44,359.18
2025-02-09,North,52.2,26.93,0.257,0.344,558.47,10.99,11.05,95.81,367.28
2025-02-09,South,46.43,27.69,0.264,0.349,546.88,10.77,10.86,95.24,362.55
2025-02-09,East,44.19,27.89,0.244,0.318,550.08,10.65,10.91,94.24,355.33
2025-02-09,West,49.88,27.34,0.248,0.317,545.98,11.12,11.26,94.95,362.92
2025-02-09,Central,50.95,27.04,0.244,0.322,550.16,10.6,10.61,94.56,360.84
2025-02-10,North,51.05,26.92,0.278,0.302,556.99,11.04,11.12,96.31,365.83
2025-02-10,South,47.62,27.61,0.27,0.311,547.51,10.63,10.72,95.38,361.69
2025-02-10,East,43.08,27.92,0.259,0.249,552.47,10.77,10.81,94.42,355.34
2025-02-10,West,50.2,27.31,0.285,0.308,544.09,11.05,11.19,94.99,362.02
2025-02-10,Central,48.66,27.19,0.274,0.277,546.79,11.04,10.67,94.68,357.71
2025-02-11,North,48.87,27.19,0.293,0.335,563.11,11.05,10.79,96.26,365.13
2025-02-11,South,45.12,27.93,0.314,0.319,549.18,10.73,10.9,95.53,361.5
2025-02-11,East,42.53,28.08,0.258,0.332,553.36,10.92,10.78,93.97,354.09
2025-02-11,West,47.31,27.51,0.287,0.317,544.63,11.27,11.14,95.02,360.77
2025-02-11,Central,48.29,27.48,0.283,0.309,549.8,10.47,10.93,94.48,358.81
2025-02-12,North,49.54,27.27,0.305,0.296,557.15,11.3,11.06,96.47,366.17
2025-02-12,South,44.96,27.94,0.278,0.288,548.39,10.53,10.94,95.34,363.37
2025-02-12,East,42.24,28.23,0.265,0.277,550.88,10.98,11.01,94.47,354.61
2025-02-12,West,45.93,27.67,0.281,0.292,545.16,10.89,11.03,94.79,362.08
2025-02-12,Central,49.11,27.53,0.267,0.286,550.11,10.28,10.76,94.7,359.36
2025-02-13,North,46.29,27.31,0.27,0.275,557.65,10.66,10.98,96.3,366.54
2025-02-13,South,45.27,28.02,0.292,0.266,545.6,10.77,10.98,95.21,363.67
2025-02-13,East,41.31,28.17,0.251,0.285,551.1,10.92,10.79,93.87,355.42
2025-02-13,West,47.14,27.55,0.25,0.284,546.06,10.97,11.1,94.89,362.25
2025-02-13,Central,47.06,27.56,0.28,0.259,552.1,10.7,10.77,94.76,359.34
2025-02-14,North,47.71,27.46,0.294,0.25,562.09,11.12,11.01,96.3,365.56
2025-02-14,South,44.12,28.12,0.268,0.245,546.15,10.63,11.13,95.47,361.81
2025-02-14,East,41.78,28.35,0.25,0.231,551.97,10.73,10.99,94.34,354.55
2025-02-14,West,47.25,27.83,0.267,0.244,546.37,10.83,11.05,95.04,361.17
2025-02-14,Central,46.4,27.91,0.25,0.254,551.72,10.58,10.91,94.48,358.6
2025-02-15,North,45.17,27.25,0.288,0.259,558.6,10.91,11.07,96.58,362.75
2025-02-15,South,40.09,27.99,0.264,0.223,547.28,10.56,10.8,95.41,359.85
2025-02-15,East,38.2,28.08,0.229,0.208,555.07,10.75,10.87,93.86,352.28
2025-02-15,West,43.71,27.61,0.286,0.229,548.92,10.79,11.11,94.86,359.81
2025-02-15,Central,44.57,27.44,0.234,0.186,555.13,11.02,10.85,95.12,355.7
2025-02-16,North,46.12,27.2,0.257,0.233,563.18,10.96,10.86,96.23,364.37
2025-02-16,South,40.38,28.09,0.247,0.222,547.82,10.89,10.89,95.46,361.01
2025-02-16,East,37.48,28.2,0.216,0.196,553.0,10.82,10.75,94.54,352.48
2025-02-16,West,42.16,27.64,0.247,0.244,549.27,10.91,11.1,95.23,358.69
2025-02-16,Central,41.71,27.59,0.224,0.24,548.55,10.66,10.89,94.61,355.93
2025-02-17,North,44.41,27.49,0.254,0.193,562.04,10.88,11.05,96.34,364.75
2025-02-17,South,41.77,28.34,0.235,0.196,550.89,10.61,10.85,95.83,360.16
2025-02-17,East,37.72,28.53,0.218,0.173,553.12,10.85,10.76,94.46,353.28
2025-02-17,West,42.28,27.96,0.23,0.21,544.85,10.8,11.1,94.79,359.53
2025-02-17,Central,43.59,27.77,0.229,0.189,551.7,10.76,11.08,94.93,356.77
2025-02-18,North,43.82,27.61,0.241,0.237,558.23,11.02,10.93,96.69,364.51
2025-02-18,South,39.86,28.32,0.251,0.217,551.46,10.72,10.97,95.66,360.65
2025-02-18,East,36.57,28.5,0.201,0.199,553.97,10.87,11.02,94.18,354.22
2025-02-18,West,40.98,27.94,0.247,0.212,546.5,10.98,11.38,95.31,361.53
2025-02-18,Central,44.39,27.88,0.205,0.198,552.89,10.74,10.74,95.08,357.76
2025-02-19,North,44.87,27.72,0.265,0.219,560.09,11.06,11.02,96.79,363.07
2025-02-19,South,39.33,28.39,0.268,0.199,546.22,10.74,10.88,95.88,361.12
2025-02-19,East,39.04,28.66,0.242,0.188,555.23,10.74,10.74,94.87,355.24
2025-02-19,West,42.72,28.03,0.244,0.205,545.72,10.89,11.15,95.78,359.07
2025-02-19,Central,44.32,28.07,0.248,0.188,554.71,10.8,10.76,95.49,358.22
2025-02-20,North,45.77,27.95,0.279,0.167,559.85,11.04,10.97,96.28,365.8
2025-02-20,South,41.29,28.46,0.278,0.179,546.85,10.61,10.77,95.81,362.29
2025-02-20,East,38.1,28.76,0.255,0.15,557.07,10.73,11.09,94.71,353.87
2025-02-20,West,41.93,28.12,0.281,0.163,550.33,10.98,10.95,95.17,361.79
2025-02-20,Central,44.07,28.02,0.251,0.131,552.66,10.7,10.58,95.23,358.29
2025-02-21,North,43.71,27.9,0.269,0.186,559.91,11.1,10.98,96.78,364.15
2025-02-21,South,40.25,28.61,0.259,0.161,552.02,10.83,10.82,96.29,359.7
2025-02-21,East,37.18,28.91,0.195,0.138,554.17,10.78,10.79,94.03,353.58
2025-02-21,West,40.84,28.17,0.246,0.163,547.11,10.85,11.02,95.5,358.8
2025-02-21,Central,41.36,28.18,0.235,0.157,551.2,10.53,10.74,95.46,356.88
2025-02-22,North,40.29,27.82,0.237,0.17,557.95,10.96,11.01,96.63,363.36
2025-02-22,South,36.41,28.41,0.256,0.196,550.68,10.68,11.1,95.84,358.73
2025-02-22,East,35.56,28.71,0.231,0.16,551.39,10.55,10.82,94.38,352.8
2025-02-22,West,37.96,28.16,0.236,0.182,545.74,10.98,11.12,95.32,358.82
2025-02-22,Central,40.68,28.01,0.212,0.177,553.74,10.68,10.83,95.49,355.55
2025-02-23,North,40.17,27.75,0.244,0.184,561.5,10.69,10.99,96.45,363.64
2025-02-23,South,36.45,28.25,0.222,0.163,550.63,10.7,10.93,95.45,358.58
2025-02-23,East,33.63,28.48,0.19,0.142,558.06,10.76,10.64,94.57,351.91
2025-02-23,West,38.38,28.07,0.214,0.158,546.25,10.88,11.08,95.32,358.41
2025-02-23,Central,41.41,27.84,0.214,0.135,554.09,10.67,10.5,94.65,356.42
2025-02-24,North,42.61,27.78,0.232,0.188,560.65,10.8,10.94,96.39,364.56
2025-02-24,South,39.95,28.47,0.22,0.152,549.13,10.63,11.04,95.67,359.85
2025-02-24,East,35.19,28.55,0.188,0.149,553.93,10.63,10.76,94.27,352.86
2025-02-24,West,42.09,28.03,0.21,0.165,545.93,10.91,11.0,95.3,360.89
2025-02-24,Central,40.87,27.85,0.203,0.142,553.87,10.48,10.76,94.27,357.42
2025-02-25,North,44.75,27.87,0.235,0.195,560.15,10.91,10.87,96.16,366.12
2025-02-25,South,39.69,28.32,0.242,0.215,552.92,10.6,11.22,95.34,362.04
2025-02-25,East,37.21,28.72,0.212,0.158,555.2,10.76,10.54,94.15,354.95
2025-02-25,West,42.8,27.83,0.214,0.158,550.73,10.82,11.03,95.19,361.32
2025-02-25,Central,43.45,27.84,0.23,0.163,556.56,10.44,10.85,94.96,358.65
2025-02-26,North,46.73,27.91,0.302,0.195,565.06,10.86,10.73,96.96,366.83
2025-02-26,South,41.78,28.63,0.268,0.194,551.42,10.56,10.72,95.88,361.73
2025-02-26,East,39.74,28.74,0.236,0.19,555.0,10.73,10.64,94.56,355.06
2025-02-26,West,42.44,28.21,0.267,0.18,547.76,10.75,11.13,95.09,360.53
2025-02-26,Central,44.77,28.18,0.24,0.186,553.1,10.42,10.77,94.69,359.13
2025-02-27,North,43.44,27.86,0.311,0.208,565.4,10.65,10.98,97.07,364.93
2025-02-27,South,40.69,28.59,0.29,0.207,551.11,10.63,10.94,95.77,361.79
2025-02-27,East,37.58,28.76,0.259,0.172,554.55,10.67,10.8,94.7,355.98
2025-02-27,West,40.73,28.16,0.281,0.191,546.73,10.94,11.01,95.91,361.3
2025-02-27,Central,42.5,28.15,0.262,0.174,552.13,10.35,10.77,95.21,357.09
2025-02-28,North,42.35,27.67,0.318,0.148,566.31,10.94,10.62,96.74,364.15
2025-02-28,South,38.83,28.36,0.316,0.163,549.31,10.68,10.66,96.1,360.1
2025-02-28,East,36.45,28.76,0.261,0.153,560.75,10.68,10.7,94.76,353.35
2025-02-28,West,40.15,27.98,0.277,0.153,549.17,10.7,11.0,95.51,359.33
2025-02-28,Central,43.61,27.84,0.286,0.165,555.95,10.34,10.66,95.07,355.93
2025-03-01,North,45.43,27.59,0.3,0.192,565.59,10.75,10.92,96.83,363.34
2025-03-01,South,40.88,28.36,0.291,0.178,550.37,10.38,10.89,96.04,358.92
2025-03-01,East,36.68,28.64,0.268,0.166,556.37,10.59,10.95,94.82,351.81
2025-03-01,West,41.6,27.84,0.283,0.152,551.14,10.73,10.75,95.51,358.49
2025-03-01,Central,44.56,27.75,0.274,0.185,552.46,10.32,10.69,94.87,355.28
2025-03-02,North,43.21,27.49,0.272,0.185,565.49,10.62,10.74,96.8,362.26
2025-03-02,South,40.79,28.05,0.274,0.182,552.9,10.45,10.68,96.15,359.01
2025-03-02,East,36.46,28.28,0.247,0.164,554.61,10.7,10.58,95.08,352.31
2025-03-02,West,40.53,27.69,0.279,0.166,551.05,10.67,10.77,95.84,358.44
2025-03-02,Central,44.26,27.53,0.258,0.181,551.58,10.41,10.67,94.79,355.48
2025-03-03,North,43.93,27.44,0.32,0.144,565.06,10.69,10.9,96.77,362.91
2025-03-03,South,40.05,27.95,0.306,0.149,558.17,10.56,10.84,95.96,359.23
2025-03-03,East,36.35,28.32,0.273,0.136,555.67,10.52,10.85,95.01,351.55
2025-03-03,West,40.61,27.81,0.293,0.126,549.02,10.74,10.84,95.45,357.85
2025-03-03,Central,43.19,27.64,0.306,0.114,557.28,10.57,10.62,95.13,356.07
2025-03-04,North,40.54,27.57,0.316,0.138,563.32,10.83,10.68,96.79,361.79
2025-03-04,South,39.39,28.12,0.307,0.117,556.11,10.58,10.79,96.13,357.78
2025-03-04,East,34.33,28.32,0.278,0.094,558.99,10.54,10.78,94.63,351.49
2025-03-04,West,39.82,27.68,0.296,0.126,547.68,10.9,10.97,95.57,356.61
2025-03-04,Central,42.38,27.71,0.282,0.11,554.66,10.39,10.56,95.31,355.61
2025-03-05,North,41.51,27.52,0.343,0.148,562.48,10.87,10.66,96.69,363.73
2025-03-05,South,37.58,28.15,0.348,0.106,553.44,10.43,10.75,96.22,358.55
2025-03-05,East,34.93,28.32,0.305,0.093,557.37,10.61,10.77,94.58,352.23
2025-03-05,West,40.62,27.93,0.344,0.109,551.97,10.69,10.79,95.79,358.61
2025-03-05,Central,40.47,27.73,0.34,0.114,554.09,10.58,10.82,95.15,355.14
2025-03-06,North,42.58,27.77,0.403,0.105,566.65,10.75,10.82,96.91,364.42
2025-03-06,South,38.55,28.37,0.353,0.088,552.06,10.66,10.77,96.16,361.76
2025-03-06,East,36.01,28.45,0.327,0.097,555.94,10.52,10.68,94.83,353.05
2025-03-06,West,41.44,27.93,0.353,0.092,547.1,10.73,10.91,95.74,361.25
2025-03-06,Central,41.72,28.0,0.329,0.121,555.65,10.69,10.55,95.09,357.92
2025-03-07,North,44.82,27.97,0.336,0.089,561.62,10.45,10.77,96.31,364.89
2025-03-07,South,38.9,28.64,0.344,0.1,555.33,10.71,10.75,96.09,360.58
2025-03-07,East,35.44,29.0,0.303,0.067,556.42,10.54,10.52,94.71,353.74
2025-03-07,West,42.0,28.25,0.346,0.098,548.01,10.59,10.82,95.76,359.45
2025-03-07,Central,41.68,28.07,0.313,0.081,554.15,10.49,10.59,95.05,357.48
2025-03-08,North,41.5,28.05,0.351,0.12,562.65,10.89,10.86,96.85,364.66
2025-03-08,South,37.39,28.69,0.327,0.11,553.31,10.66,10.69,96.17,360.77
2025-03-08,East,36.58,28.98,0.294,0.08,555.33,10.69,10.65,94.43,355.34
2025-03-08,West,39.72,28.26,0.316,0.125,549.3,10.83,10.98,95.82,360.59
2025-03-08,Central,41.67,28.21,0.31,0.097,557.15,10.37,10.76,95.45,357.88
2025-03-09,North,41.68,27.86,0.335,0.082,564.48,10.82,10.84,96.71,364.62
2025-03-09,South,37.35,28.65,0.328,0.085,553.66,10.36,10.63,95.73,359.59
2025-03-09,East,33.45,28.7,0.28,0.095,560.33,10.81,10.59,94.51,353.76
2025-03-09,West,38.97,28.12,0.303,0.087,547.93,10.74,10.87,95.5,360.39
2025-03-09,Central,39.23,28.04,0.286,0.056,555.08,10.19,10.59,94.77,356.74
2025-03-10,North,37.3,27.93,0.323,0.056,564.84,10.74,10.76,96.99,361.97
2025-03-10,South,34.99,28.7,0.323,0.05,550.23,10.39,10.72,95.92,358.68
2025-03-10,East,29.49,28.82,0.29,0.031,558.31,10.57,10.75,94.54,352.11
2025-03-10,West,34.71,28.3,0.304,0.067,548.51,10.55,10.75,95.37,357.79
2025-03-10,Central,35.55,28.25,0.321,0.057,555.1,10.29,10.6,95.16,354.42
2025-03-11,North,34.83,28.0,0.349,0.061,563.62,10.66,10.69,96.44,362.38
2025-03-11,South,33.63,28.82,0.329,0.063,555.58,10.42,10.5,96.17,357.83
2025-03-11,East,28.31,28.95,0.303,0.049,555.44,10.55,10.68,94.57,351.33
2025-03-11,West,33.99,28.44,0.31,0.059,549.23,10.56,10.65,95.91,357.49
2025-03-11,Central,34.15,28.34,0.313,0.041,559.0,10.31,10.43,95.4,354.7
2025-03-12,North,34.22,28.06,0.382,0.06,564.79,10.75,10.72,96.95,362.11
2025-03-12,South,32.17,28.84,0.373,0.068,548.91,10.37,10.71,96.41,358.38
2025-03-12,East,31.09,29.15,0.337,0.065,559.74,10.41,10.34,94.72,351.7
2025-03-12,West,33.81,28.43,0.377,0.051,555.3,10.72,10.97,95.63,357.17
2025-03-12,Central,34.62,28.35,0.354,0.061,561.3,10.24,10.54,95.52,354.4
2025-03-13,North,35.16,28.22,0.352,0.038,567.94,10.8,10.8,97.21,361.24
2025-03-13,South,30.29,29.05,0.358,0.015,551.72,10.42,10.69,96.37,356.57
2025-03-13,East,27.68,29.21,0.309,0.007,554.91,10.58,10.42,94.89,350.71
2025-03-13,West,31.77,28.6,0.344,0.023,552.58,10.75,10.73,95.48,357.46
2025-03-13,Central,32.58,28.63,0.322,0.011,556.97,10.15,10.53,95.15,353.56
2025-03-14,North,35.16,28.23,0.36,0.05,563.8,10.7,10.63,96.97,359.3
2025-03-14,South,30.26,28.93,0.337,0.017,552.35,10.46,10.5,95.47,354.88
2025-03-14,East,28.5,29.13,0.326,0.005,559.25,10.28,10.26,94.34,349.26
2025-03-14,West,32.17,28.58,0.335,0.028,550.78,10.62,10.81,95.22,356.49
2025-03-14,Central,35.79,28.35,0.339,0.018,553.64,10.34,10.49,95.0,352.16
2025-03-15,North,36.08,28.58,0.356,0.021,564.15,10.73,10.7,96.69,360.28
2025-03-15,South,30.98,29.36,0.373,0.044,556.78,10.47,10.66,96.05,356.68
2025-03-15,East,27.91,29.38,0.326,0.038,561.8,10.41,10.34,94.61,348.99
2025-03-15,West,31.86,28.83,0.345,0.033,552.95,10.5,10.9,95.69,356.27
2025-03-15,Central,33.64,28.69,0.341,0.025,554.22,10.29,10.49,95.3,352.0
2025-03-16,North,32.52,28.41,0.366,0.017,568.58,10.74,10.81,97.08,358.46
2025-03-16,South,27.54,29.07,0.355,0.013,552.27,10.47,10.45,96.3,354.73
2025-03-16,East,25.26,29.37,0.336,0.002,557.15,10.42,10.3,94.79,347.09
2025-03-16,West,30.66,28.77,0.355,0.011,550.14,10.49,10.65,95.55,353.93
2025-03-16,Central,32.72,28.77,0.357,0.009,554.0,10.3,10.43,95.14,351.68
2025-03-17,North,31.29,28.6,0.386,0.048,563.79,10.77,10.61,96.7,358.29
2025-03-17,South,27.76,29.19,0.391,0.039,554.21,10.58,10.34,95.84,353.97
2025-03-17,East,25.92,29.41,0.329,-0.005,556.9,10.35,10.39,94.34,347.68
2025-03-17,West,28.95,28.83,0.342,0.029,551.71,10.35,10.84,95.58,354.99
2025-03-17,Central,31.13,28.89,0.342,0.022,559.49,10.23,10.6,95.17,350.56
2025-03-18,North,32.79,28.28,0.366,0.041,559.87,10.63,10.77,96.16,358.27
2025-03-18,South,27.02,29.03,0.34,0.042,555.82,10.33,10.78,95.4,353.19
2025-03-18,East,24.71,29.4,0.315,0.007,558.11,10.56,10.32,95.04,345.62
2025-03-18,West,30.61,28.81,0.33,0.021,553.72,10.62,10.49,95.44,352.16
2025-03-18,Central,31.83,28.66,0.313,-0.01,556.42,10.22,10.42,95.0,350.24
2025-03-19,North,32.29,28.31,0.348,0.071,566.16,10.59,10.47,96.97,360.3
2025-03-19,South,29.61,29.09,0.338,0.074,555.28,10.21,10.58,95.7,356.02
2025-03-19,East,26.51,29.29,0.31,0.051,560.24,10.35,10.35,94.93,349.49
2025-03-19,West,29.22,28.56,0.353,0.079,555.27,10.49,10.78,95.21,355.35
2025-03-19,Central,31.47,28.45,0.328,0.042,558.59,10.13,10.71,95.1,351.81
2025-03-20,North,31.09,28.45,0.364,0.073,564.21,10.52,10.68,97.1,358.97
2025-03-20,South,25.75,29.23,0.351,0.095,556.6,10.4,10.33,95.88,355.08
2025-03-20,East,25.54,29.51,0.326,0.067,557.75,10.46,10.5,95.01,348.07
2025-03-20,West,31.56,28.95,0.332,0.048,555.5,10.48,10.65,95.89,354.6
2025-03-20,Central,29.22,28.76,0.346,0.073,557.72,10.23,10.38,95.14,352.15
2025-03-21,North,30.3,28.61,0.39,0.066,569.96,10.65,10.56,97.16,358.19
2025-03-21,South,27.72,29.15,0.362,0.071,554.61,10.49,10.14,96.51,354.68
2025-03-21,East,25.98,29.49,0.318,0.061,560.96,10.63,10.37,94.84,348.02
2025-03-21,West,29.84,28.78,0.357,0.062,550.44,10.51,10.69,95.16,355.31
2025-03-21,Central,30.91,28.72,0.356,0.036,555.7,9.94,10.35,95.47,350.5
2025-03-22,North,31.9,28.59,0.375,0.063,565.79,10.82,10.54,97.14,359.19
2025-03-22,South,28.05,29.21,0.354,0.063,556.67,10.25,10.56,95.92,355.15
2025-03-22,East,22.33,29.59,0.344,0.012,559.82,10.46,10.28,95.0,349.07
2025-03-22,West,28.7,28.93,0.38,0.06,554.78,10.3,10.34,95.66,354.05
2025-03-22,Central,30.25,28.83,0.33,0.055,556.88,9.93,10.29,95.37,352.11
2025-03-23,North,33.31,28.68,0.408,0.062,566.81,10.72,10.64,97.24,358.65
2025-03-23,South,29.49,29.31,0.374,0.065,556.61,10.16,10.4,96.01,354.58
2025-03-23,East,24.71,29.54,0.365,0.06,558.28,10.41,10.25,94.91,347.03
2025-03-23,West,28.65,28.98,0.4,0.076,557.33,10.62,10.64,95.49,354.56
2025-03-23,Central,30.4,29.03,0.375,0.059,557.31,10.25,10.36,95.25,351.84
2025-03-24,North,33.18,28.61,0.414,0.089,568.0,10.34,10.51,97.13,360.63
2025-03-24,South,26.74,29.48,0.396,0.112,554.17,10.13,10.37,96.58,354.64
2025-03-24,East,25.52,29.54,0.364,0.087,558.77,10.41,10.48,94.69,349.47
2025-03-24,West,29.61,29.1,0.405,0.073,549.57,10.37,10.48,95.64,354.25
2025-03-24,Central,31.61,28.97,0.383,0.091,560.53,10.12,10.21,95.61,352.92
2025-03-25,North,32.45,28.92,0.407,0.078,564.74,10.54,10.54,97.23,358.56
2025-03-25,South,27.74,29.62,0.397,0.082,556.45,10.24,10.41,96.05,354.39
2025-03-25,East,28.39,29.79,0.361,0.068,560.35,10.36,10.19,95.08,348.04
2025-03-25,West,29.86,29.24,0.399,0.054,552.31,10.32,10.66,95.98,352.78
2025-03-25,Central,32.22,29.01,0.378,0.078,557.5,10.17,10.38,95.14,351.75
2025-03-26,North,30.35,28.81,0.376,0.113,564.51,10.6,10.34,97.35,357.54
2025-03-26,South,25.31,29.65,0.393,0.105,553.31,10.27,10.52,96.16,352.21
2025-03-26,East,21.85,29.78,0.35,0.09,559.92,10.25,10.34,95.05,345.37
2025-03-26,West,29.19,29.21,0.363,0.111,552.74,10.46,10.55,95.82,351.62
2025-03-26,Central,28.04,29.25,0.371,0.107,556.15,10.21,10.32,95.66,348.93
2025-03-27,North,28.87,28.66,0.362,0.078,565.83,10.51,10.43,97.14,356.62
2025-03-27,South,24.29,29.46,0.355,0.109,551.11,10.08,10.4,96.15,351.6
2025-03-27,East,21.97,29.6,0.344,0.097,558.72,10.22,10.06,95.18,345.37
2025-03-27,West,26.69,29.19,0.341,0.105,550.93,10.27,10.63,96.18,351.97
2025-03-27,Central,29.14,28.84,0.357,0.075,562.06,10.2,10.21,95.6,346.95
2025-03-28,North,27.14,28.68,0.371,0.129,563.93,10.58,10.28,96.99,356.42
2025-03-28,South,21.94,29.27,0.351,0.127,554.94,10.38,10.43,96.66,351.48
2025-03-28,East,21.1,29.48,0.344,0.117,558.72,10.34,10.15,94.77,345.52
2025-03-28,West,26.42,28.89,0.343,0.109,554.77,10.3,10.4,96.27,352.04
2025-03-28,Central,26.38,28.93,0.341,0.113,556.45,10.17,10.15,95.42,347.93
2025-03-29,North,28.69,28.71,0.37,0.137,568.76,10.46,10.47,97.62,358.13
2025-03-29,South,22.84,29.41,0.347,0.145,558.08,10.21,10.42,96.36,353.96
2025-03-29,East,21.25,29.67,0.346,0.126,560.62,10.2,10.09,95.02,345.97
2025-03-29,West,28.18,28.88,0.344,0.155,549.31,10.33,10.42,96.31,352.95
2025-03-29,Central,26.91,28.83,0.358,0.151,556.35,9.92,10.08,95.79,348.78
2025-03-30,North,26.46,28.78,0.363,0.158,565.59,10.57,10.48,98.08,356.92
2025-03-30,South,22.96,29.54,0.367,0.166,553.36,10.12,10.16,96.12,352.83
2025-03-30,East,20.46,29.58,0.331,0.135,558.72,10.1,10.28,94.73,346.24
2025-03-30,West,25.64,29.21,0.361,0.148,549.93,10.54,10.37,95.85,352.69
2025-03-30,Central,27.4,28.91,0.342,0.157,560.01,10.06,10.09,95.49,349.51
2025-03-31,North,28.57,28.55,0.341,0.13,568.47,10.31,10.14,97.18,357.57
2025-03-31,South,24.57,29.25,0.346,0.143,554.51,10.22,10.33,96.18,352.31
2025-03-31,East,21.51,29.45,0.326,0.133,559.56,10.37,10.37,94.89,345.53
2025-03-31,West,27.19,28.9,0.338,0.119,553.09,10.47,10.27,96.07,351.72
2025-03-31,Central,28.73,28.71,0.328,0.116,559.57,10.33,10.13,95.36,349.41
2025-04-01,North,28.47,28.41,0.331,0.157,564.55,10.57,10.19,97.05,356.82
2025-04-01,South,25.28,29.18,0.336,0.134,555.79,10.25,10.06,96.4,353.58
2025-04-01,East,21.47,29.5,0.274,0.129,559.42,10.22,9.89,95.2,346.69
2025-04-01,West,27.8,28.71,0.32,0.148,552.15,10.36,10.52,95.93,353.01
2025-04-01,Central,25.27,28.72,0.314,0.143,559.24,10.2,9.98,95.4,349.74
2025-04-02,North,26.73,28.38,0.313,0.151,566.79,10.37,10.38,97.0,355.62
2025-04-02,South,24.0,29.25,0.307,0.12,552.93,10.4,10.06,96.08,351.2
2025-04-02,East,21.01,29.54,0.289,0.106,562.27,10.13,10.25,94.32,346.77
2025-04-02,West,25.91,28.84,0.297,0.134,557.7,10.57,10.44,95.81,352.96
2025-04-02,Central,26.41,28.86,0.282,0.113,558.5,10.08,10.19,95.68,349.93
2025-04-03,North,26.94,28.62,0.306,0.177,567.04,10.52,10.13,96.86,356.95
2025-04-03,South,23.13,29.29,0.315,0.151,552.84,10.11,10.08,96.01,353.21
2025-04-03,East,18.97,29.44,0.264,0.156,559.24,10.13,10.0,94.65,347.34
2025-04-03,West,27.3,28.9,0.291,0.153,551.04,10.39,10.29,95.54,353.66
2025-04-03,Central,26.32,28.73,0.282,0.157,554.26,9.89,10.26,95.3,350.1
2025-04-04,North,27.3,28.47,0.279,0.146,563.73,10.34,10.12,96.56,357.29
2025-04-04,South,22.8,29.22,0.262,0.158,557.78,9.96,9.96,95.6,352.78
2025-04-04,East,21.43,29.22,0.257,0.16,561.94,10.03,9.98,95.06,344.89
2025-04-04,West,25.7,28.67,0.269,0.156,551.39,10.21,10.37,95.56,353.27
2025-04-04,Central,26.59,28.52,0.246,0.151,557.34,10.08,9.93,94.81,350.2
2025-04-05,North,29.08,28.45,0.286,0.148,566.96,10.3,10.14,96.95,358.12
2025-04-05,South,21.25,29.1,0.271,0.159,554.13,9.98,10.21,95.77,352.28
2025-04-05,East,19.74,29.14,0.246,0.112,563.28,10.44,9.87,94.48,346.32
2025-04-05,West,26.38,28.8,0.251,0.133,552.96,10.24,10.44,95.27,352.61
2025-04-05,Central,27.24,28.64,0.245,0.132,556.0,10.1,9.98,94.93,348.94
2025-04-06,North,31.8,28.5,0.26,0.139,564.51,10.28,10.08,96.76,356.74
2025-04-06,South,27.28,29.04,0.274,0.155,554.2,10.04,10.08,96.0,353.28
2025-04-06,East,26.21,29.16,0.223,0.123,561.23,10.02,10.0,94.2,345.81
2025-04-06,West,29.15,28.64,0.267,0.114,553.45,10.4,10.26,95.43,351.23
2025-04-06,Central,29.27,28.41,0.259,0.134,560.22,10.04,10.03,94.97,349.1
2025-04-07,North,29.81,28.32,0.263,0.096,567.53,10.53,10.01,97.15,355.47
2025-04-07,South,25.0,29.31,0.263,0.106,554.12,9.95,10.05,95.94,351.16
2025-04-07,East,22.18,29.39,0.205,0.085,557.84,10.29,10.04,94.81,344.06
2025-04-07,West,26.29,28.78,0.233,0.093,552.86,10.23,10.17,95.4,350.33
2025-04-07,Central,28.85,28.79,0.223,0.101,555.69,9.93,9.82,94.85,348.89
2025-04-08,North,27.67,28.64,0.264,0.114,566.25,10.34,10.21,96.77,354.31
2025-04-08,South,25.1,29.35,0.259,0.108,556.71,10.12,10.02,95.76,350.95
2025-04-08,East,22.14,29.55,0.225,0.092,558.34,9.99,10.11,94.83,343.7
2025-04-08,West,27.04,28.97,0.253,0.102,553.1,10.15,10.44,95.14,350.58
2025-04-08,Central,26.48,28.76,0.248,0.098,555.0,10.05,9.88,95.32,346.08
2025-04-09,North,30.36,28.59,0.279,0.081,566.16,10.49,10.1,96.49,354.15
2025-04-09,South,24.61,29.31,0.285,0.095,552.13,9.99,10.09,95.8,350.16
2025-04-09,East,22.61,29.52,0.239,0.084,561.1,10.19,9.77,94.3,343.28
2025-04-09,West,27.77,28.92,0.279,0.083,549.94,10.34,10.04,95.31,349.55
2025-04-09,Central,29.08,28.89,0.255,0.064,556.44,10.01,9.92,95.24,347.09
2025-04-10,North,28.84,28.69,0.269,0.124,564.19,10.17,9.92,96.75,354.6
2025-04-10,South,26.91,29.21,0.246,0.1,557.84,10.04,10.27,96.11,350.34
2025-04-10,East,21.67,29.59,0.235,0.078,558.29,10.22,9.77,94.13,344.56
2025-04-10,West,28.01,28.91,0.25,0.112,554.03,10.3,10.01,95.45,351.02
2025-04-10,Central,26.29,28.78,0.241,0.084,556.38,9.76,9.97,95.15,346.87
2025-04-11,North,27.28,28.64,0.279,0.068,563.84,10.34,9.95,96.95,353.22
2025-04-11,South,24.86,29.44,0.25,0.072,552.81,10.13,9.94,95.96,350.79
2025-04-11,East,20.1,29.72,0.222,0.046,561.82,10.21,9.93,94.67,342.58
2025-04-11,West,26.37,28.98,0.255,0.062,555.77,10.08,10.1,95.75,349.65
2025-04-11,Central,25.09,28.78,0.234,0.067,557.68,9.92,9.92,94.97,346.86
2025-04-12,North,23.52,28.67,0.286,0.078,566.05,10.28,9.84,96.92,353.53
2025-04-12,South,23.02,29.16,0.285,0.065,552.3,10.03,9.94,96.08,349.72
2025-04-12,East,17.46,29.56,0.244,0.065,559.03,10.19,9.96,94.5,342.45
2025-04-12,West,23.08,28.87,0.249,0.075,558.23,10.26,10.4,95.95,348.04
2025-04-12,Central,25.17,28.84,0.262,0.057,557.92,10.11,9.64,95.38,346.71
2025-04-13,North,24.12,28.37,0.274,0.112,565.46,10.23,10.02,96.97,353.77
2025-04-13,South,20.72,29.33,0.274,0.083,555.17,9.94,9.85,96.41,349.32
2025-04-13,East,16.13,29.36,0.228,0.061,561.8,10.14,9.9,94.9,342.26
2025-04-13,West,22.51,28.87,0.263,0.058,550.06,10.11,10.14,95.22,350.83
2025-04-13,Central,24.86,28.81,0.261,0.093,555.19,9.95,9.75,95.12,347.3
2025-04-14,North,22.56,28.39,0.278,0.044,564.76,10.27,10.06,96.84,352.21
2025-04-14,South,20.27,29.0,0.236,0.054,554.29,10.02,9.92,95.81,348.75
2025-04-14,East,16.36,29.36,0.2,0.033,560.98,10.0,9.84,94.82,341.83
2025-04-14,West,19.9,28.74,0.247,0.05,551.51,10.14,10.15,95.49,348.18
2025-04-14,Central,22.5,28.51,0.222,0.036,561.26,9.95,9.82,94.92,346.39
2025-04-15,North,18.63,28.43,0.282,0.097,564.86,10.4,9.83,96.87,352.33
2025-04-15,South,16.22,29.11,0.28,0.107,551.15,10.22,10.28,95.85,349.72
2025-04-15,East,14.41,29.37,0.242,0.062,558.36,10.02,9.62,94.53,342.86
2025-04-15,West,17.9,28.83,0.294,0.066,549.94,9.94,9.85,95.78,347.82
2025-04-15,Central,19.39,28.6,0.246,0.057,552.74,9.83,9.8,94.85,344.27
2025-04-16,North,20.78,28.37,0.289,0.065,566.47,10.01,9.76,97.28,352.45
2025-04-16,South,14.75,29.0,0.304,0.073,555.95,9.87,9.69,96.12,348.05
2025-04-16,East,12.03,29.15,0.25,0.068,559.83,9.92,9.94,94.66,342.39
2025-04-16,West,17.53,28.39,0.264,0.059,552.7,10.17,9.93,95.69,348.27
2025-04-16,Central,19.41,28.44,0.274,0.058,560.54,9.79,9.59,95.55,345.75
2025-04-17,North,16.93,28.21,0.318,0.07,565.41,10.18,9.97,97.24,350.96
2025-04-17,South,16.15,28.99,0.307,0.082,558.45,10.07,9.82,96.09,349.33
2025-04-17,East,11.99,29.38,0.293,0.064,559.29,10.19,9.78,95.16,340.24
2025-04-17,West,16.42,28.71,0.289,0.068,550.76,10.23,9.88,95.42,347.86
2025-04-17,Central,17.39,28.69,0.282,0.062,562.18,9.96,9.65,95.51,344.55
2025-04-18,North,18.93,28.67,0.319,0.1,568.47,10.23,9.87,97.04,353.53
2025-04-18,South,16.71,29.39,0.315,0.089,555.94,9.82,9.83,96.18,348.92
2025-04-18,East,12.88,29.38,0.284,0.092,559.11,10.07,9.78,94.83,342.49
2025-04-18,West,19.67,28.94,0.318,0.078,552.77,10.03,10.02,95.46,349.77
2025-04-18,Central,18.3,28.85,0.317,0.082,555.51,9.86,9.89,95.54,346.81
2025-04-19,North,20.74,28.34,0.299,0.101,564.55,10.14,9.76,96.97,354.18
2025-04-19,South,17.31,29.13,0.288,0.081,554.78,9.89,9.65,95.97,350.12
2025-04-19,East,15.26,29.14,0.248,0.085,563.55,9.91,9.74,94.71,344.11
2025-04-19,West,19.95,28.52,0.28,0.119,547.89,10.06,10.04,95.68,350.02
2025-04-19,Central,20.64,28.67,0.271,0.064,558.15,10.0,9.57,95.09,346.59
2025-04-20,North,20.25,28.45,0.329,0.099,564.69,10.2,9.89,96.89,354.25
2025-04-20,South,17.27,29.23,0.328,0.081,552.37,10.04,9.64,96.4,349.56
2025-04-20,East,13.06,29.3,0.281,0.1,561.52,10.24,9.94,94.72,342.5
2025-04-20,West,18.69,28.73,0.286,0.1,549.8,10.06,10.05,95.69,349.39
2025-04-20,Central,19.99,28.64,0.285,0.089,556.87,9.82,9.8,95.29,347.54
2025-04-21,North,20.2,28.39,0.311,0.104,564.03,10.25,9.79,96.57,353.76
2025-04-21,South,14.82,29.0,0.308,0.115,552.03,9.9,9.84,96.07,350.17
2025-04-21,East,14.57,29.35,0.293,0.09,556.86,10.01,9.49,94.61,342.67
2025-04-21,West,17.64,28.83,0.311,0.093,553.51,10.27,9.85,95.63,350.23
2025-04-21,Central,17.97,28.57,0.299,0.087,557.52,9.9,9.52,94.85,346.68
2025-04-22,North,17.48,28.65,0.355,0.14,566.09,10.2,9.91,97.15,350.45
2025-04-22,South,12.57,29.21,0.322,0.118,553.48,9.88,9.71,96.07,347.69
2025-04-22,East,11.33,29.54,0.292,0.094,560.04,9.95,9.69,94.84,341.23
2025-04-22,West,16.11,28.92,0.341,0.101,549.84,10.13,9.9,95.67,347.52
2025-04-22,Central,14.79,28.61,0.319,0.087,555.65,9.76,9.62,95.43,344.65
2025-04-23,North,18.04,28.57,0.336,0.139,571.75,10.19,9.92,96.76,353.23
2025-04-23,South,13.05,29.23,0.354,0.161,553.5,9.9,9.67,95.8,348.68
2025-04-23,East,11.48,29.47,0.312,0.116,554.48,9.93,9.46,94.65,342.23
2025-04-23,West,15.14,28.88,0.33,0.155,552.39,10.11,9.85,95.67,348.86
2025-04-23,Central,16.27,28.75,0.328,0.131,557.82,9.8,9.68,95.43,345.97
2025-04-24,North,20.0,28.5,0.343,0.135,564.22,10.51,9.79,96.35,355.62
2025-04-24,South,13.95,29.13,0.324,0.147,555.07,9.94,9.81,95.65,348.91
2025-04-24,East,12.73,29.31,0.301,0.103,560.27,9.63,9.54,94.86,343.28
2025-04-24,West,17.52,28.58,0.34,0.148,551.08,10.12,9.82,95.74,349.92
2025-04-24,Central,18.41,28.58,0.326,0.132,551.99,9.78,9.23,95.37,346.64
2025-04-25,North,21.14,28.28,0.328,0.194,564.88,10.18,9.74,96.6,354.45
2025-04-25,South,15.13,28.93,0.34,0.181,551.4,9.86,9.69,95.63,349.93
2025-04-25,East,14.04,29.19,0.304,0.153,557.18,9.99,9.36,94.25,343.18
2025-04-25,West,19.12,28.59,0.305,0.164,551.29,10.0,9.79,95.24,349.61
2025-04-25,Central,18.89,28.47,0.298,0.192,556.6,9.93,9.55,95.02,346.83
2025-04-26,North,19.4,28.34,0.346,0.184,563.98,10.25,9.65,97.0,352.46
2025-04-26,South,16.11,29.02,0.342,0.185,552.98,9.64,9.58,95.81,348.55
2025-04-26,East,12.68,29.25,0.301,0.174,562.55,9.95,9.55,94.59,341.89
2025-04-26,West,18.02,28.65,0.333,0.198,552.15,10.05,9.91,95.39,347.8
2025-04-26,Central,17.89,28.66,0.301,0.173,556.62,9.85,9.55,94.88,344.54
2025-04-27,North,20.34,28.47,0.325,0.112,565.72,10.14,10.0,96.12,353.14
2025-04-27,South,15.65,29.2,0.307,0.127,554.87,9.85,9.61,95.87,347.59
2025-04-27,East,15.24,29.29,0.287,0.105,557.61,9.96,9.47,93.89,340.99
2025-04-27,West,19.07,28.89,0.328,0.134,549.94,9.93,9.87,95.17,347.31
2025-04-27,Central,19.95,28.73,0.306,0.113,553.92,9.81,9.43,94.29,344.53
2025-04-28,North,18.61,28.3,0.336,0.195,564.36,10.24,9.73,96.59,351.11
2025-04-28,South,14.8,28.73,0.325,0.187,554.75,9.84,9.54,95.68,348.07
2025-04-28,East,10.94,29.21,0.29,0.166,557.86,9.97,9.53,94.31,340.79
2025-04-28,West,18.92,28.55,0.326,0.168,552.35,10.06,9.85,95.05,346.73
2025-04-28,Central,17.59,28.47,0.313,0.176,557.75,9.84,9.41,95.08,343.21
2025-04-29,North,17.88,28.36,0.312,0.142,563.65,10.29,9.93,96.7,349.81
2025-04-29,South,15.12,29.07,0.321,0.134,554.36,9.7,9.59,95.82,346.26
2025-04-29,East,11.08,29.23,0.29,0.142,561.97,9.92,9.56,94.34,339.08
2025-04-29,West,15.88,28.55,0.298,0.179,548.99,9.9,9.86,94.93,345.08
2025-04-29,Central,14.14,28.62,0.294,0.146,557.62,9.75,9.86,94.74,342.05
2025-04-30,North,18.65,28.77,0.304,0.159,562.97,9.99,9.62,95.95,351.01
2025-04-30,South,13.65,29.28,0.299,0.167,552.78,9.98,9.64,95.35,346.82
2025-04-30,East,10.45,29.48,0.264,0.146,557.22,9.84,9.31,94.17,340.03
2025-04-30,West,15.36,28.93,0.284,0.154,547.32,9.66,9.86,95.12,346.45
2025-04-30,Central,17.15,28.77,0.277,0.175,556.88,9.66,9.39,94.81,343.68
2025-05-01,North,21.46,28.5,0.349,0.171,565.35,10.17,9.82,96.46,352.37
2025-05-01,South,17.97,29.29,0.334,0.167,550.4,9.83,9.74,96.05,347.6
2025-05-01,East,14.1,29.6,0.31,0.147,559.98,9.89,9.43,94.7,340.51
2025-05-01,West,17.72,28.88,0.331,0.134,549.44,9.8,9.66,95.26,346.6
2025-05-01,Central,20.02,28.81,0.315,0.141,556.94,9.69,9.56,95.08,344.87
2025-05-02,North,21.98,28.68,0.342,0.178,562.45,10.17,9.81,96.41,352.91
2025-05-02,South,17.9,29.38,0.307,0.158,551.54,9.76,9.45,95.15,348.55
2025-05-02,East,15.6,29.54,0.311,0.14,557.96,10.14,9.33,94.12,342.38
2025-05-02,West,20.07,28.96,0.318,0.175,551.13,10.02,9.64,95.41,348.69
2025-05-02,Central,21.27,28.93,0.32,0.163,557.27,9.86,9.44,95.11,344.36
2025-05-03,North,20.62,28.51,0.304,0.141,563.28,10.01,9.52,95.73,351.87
2025-05-03,South,19.21,29.21,0.316,0.166,550.68,9.87,9.61,95.24,348.52
2025-05-03,East,14.23,29.46,0.269,0.154,558.2,9.71,9.52,94.09,342.13
2025-05-03,West,19.46,28.85,0.3,0.146,550.08,10.1,9.81,95.54,347.18
2025-05-03,Central,19.85,28.71,0.289,0.125,558.15,9.61,9.51,94.39,344.83
2025-05-04,North,18.29,28.39,0.306,0.171,564.61,10.13,9.56,96.5,351.94
2025-05-04,South,13.22,29.22,0.302,0.15,553.31,9.8,9.6,95.44,347.83
2025-05-04,East,11.41,29.6,0.284,0.132,554.58,9.95,9.32,94.68,339.1
2025-05-04,West,17.7,29.0,0.278,0.125,551.07,10.13,9.86,94.98,347.34
2025-05-04,Central,16.18,28.97,0.286,0.146,554.53,9.54,9.35,94.34,344.04
2025-05-05,North,16.66,28.37,0.321,0.136,565.81,10.02,9.6,96.56,349.34
2025-05-05,South,11.47,29.12,0.306,0.137,552.62,9.75,9.5,95.3,345.16
2025-05-05,East,8.72,29.25,0.292,0.117,559.28,9.74,9.45,94.22,339.11
2025-05-05,West,13.79,28.66,0.299,0.129,548.67,9.73,9.71,95.21,343.85
2025-05-05,Central,13.85,28.48,0.277,0.16,555.27,9.58,9.6,94.66,342.11
2025-05-06,North,13.91,28.3,0.293,0.165,560.68,9.9,9.75,96.02,350.09
2025-05-06,South,12.1,28.83,0.292,0.163,553.49,9.63,9.36,95.4,345.58
2025-05-06,East,7.22,28.99,0.258,0.139,555.4,9.81,9.53,94.38,339.73
2025-05-06,West,13.1,28.4,0.269,0.158,549.95,10.08,9.77,94.83,345.28
2025-05-06,Central,14.13,28.33,0.273,0.133,557.36,9.4,9.6,94.49,340.84
2025-05-07,North,15.57,28.17,0.294,0.16,561.54,10.07,9.65,96.32,350.4
2025-05-07,South,11.36,29.05,0.303,0.15,549.94,9.65,9.59,95.57,346.11
2025-05-07,East,8.29,29.26,0.27,0.136,555.3,9.57,9.52,93.93,338.43
2025-05-07,West,14.43,28.51,0.28,0.152,548.96,9.9,9.74,94.67,345.97
2025-05-07,Central,14.14,28.44,0.272,0.153,553.15,9.69,9.48,94.47,342.49
2025-05-08,North,14.56,28.22,0.322,0.166,561.65,9.93,9.66,96.01,348.0
2025-05-08,South,10.24,29.01,0.299,0.174,550.17,9.74,9.54,95.36,344.49
2025-05-08,East,8.95,29.2,0.261,0.152,556.44,9.83,9.49,93.74,337.95
2025-05-08,West,13.45,28.5,0.288,0.159,549.31,9.9,9.76,94.69,344.44
2025-05-08,Central,13.3,28.39,0.274,0.17,550.79,9.39,9.49,94.58,342.53
2025-05-09,North,14.98,28.18,0.303,0.125,559.38,10.0,9.71,95.81,348.93
2025-05-09,South,12.07,28.86,0.271,0.1,552.14,9.64,9.64,95.15,344.8
2025-05-09,East,7.93,29.15,0.242,0.109,558.74,9.86,9.39,93.97,336.62
2025-05-09,West,15.14,28.38,0.266,0.094,549.29,9.92,9.73,94.6,344.18
2025-05-09,Central,14.55,28.5,0.275,0.069,555.05,9.59,9.36,94.7,340.24
2025-05-10,North,16.64,28.07,0.311,0.074,564.68,9.76,9.48,96.19,348.63
2025-05-10,South,10.7,28.76,0.3,0.107,547.64,9.7,9.32,95.5,344.25
2025-05-10,East,8.84,29.02,0.271,0.073,553.06,9.94,9.32,93.72,338.17
2025-05-10,West,15.62,28.45,0.282,0.089,550.95,10.03,9.71,94.67,345.53
2025-05-10,Central,15.4,28.13,0.271,0.085,553.93,9.49,9.47,94.18,342.57
2025-05-11,North,16.4,27.89,0.321,0.097,564.62,9.95,9.62,95.74,350.58
2025-05-11,South,13.17,28.56,0.301,0.1,550.38,9.79,9.4,95.13,346.42
2025-05-11,East,11.31,28.84,0.279,0.066,556.37,9.97,9.34,93.82,339.83
2025-05-11,West,16.0,28.32,0.301,0.083,547.63,9.91,9.64,94.36,345.89
2025-05-11,Central,15.99,28.11,0.295,0.084,553.12,9.41,9.38,93.92,342.76
2025-05-12,North,17.67,27.92,0.334,0.092,559.1,9.74,9.78,95.75,350.69
2025-05-12,South,14.44,28.64,0.326,0.081,551.41,9.48,9.51,94.52,347.21
2025-05-12,East,10.46,28.85,0.305,0.066,553.97,9.57,9.43,93.82,340.3
2025-05-12,West,15.97,28.28,0.318,0.089,548.12,9.91,9.8,94.94,347.39
2025-05-12,Central,17.13,28.1,0.303,0.082,554.9,9.57,9.29,94.24,343.82
2025-05-13,North,18.59,27.88,0.329,0.089,559.64,10.17,9.55,96.04,350.08
2025-05-13,South,15.35,28.69,0.33,0.098,549.23,9.62,9.52,95.2,346.15
2025-05-13,East,11.31,28.77,0.286,0.066,552.61,9.71,9.49,93.74,340.93
2025-05-13,West,17.77,28.26,0.301,0.104,549.32,9.72,9.72,95.08,346.06
2025-05-13,Central,18.28,28.21,0.284,0.097,552.85,9.57,9.43,94.14,343.43
2025-05-14,North,18.5,27.98,0.385,0.081,560.65,9.82,9.79,96.15,349.71
2025-05-14,South,15.45,28.73,0.368,0.078,548.6,9.8,9.41,94.98,345.38
2025-05-14,East,11.27,28.91,0.359,0.054,553.41,9.99,9.55,93.5,339.64
2025-05-14,West,16.54,28.35,0.363,0.064,544.52,9.94,9.79,95.13,345.47
2025-05-14,Central,17.91,28.36,0.359,0.098,551.1,9.31,9.44,94.4,342.93
2025-05-15,North,18.08,28.2,0.386,0.075,563.96,10.01,9.53,96.02,349.77
2025-05-15,South,16.52,28.72,0.373,0.116,549.78,9.77,9.52,95.19,345.81
2025-05-15,East,13.6,28.88,0.341,0.082,558.9,9.64,9.32,93.78,338.2
2025-05-15,West,18.26,28.46,0.358,0.08,547.27,9.79,9.72,94.75,345.09
2025-05-15,Central,17.55,28.33,0.358,0.058,554.54,9.47,9.27,94.27,342.56
2025-05-16,North,19.11,28.16,0.384,0.102,561.34,10.03,9.68,96.12,350.72
2025-05-16,South,17.41,28.85,0.375,0.093,547.0,9.66,9.56,95.33,345.7
2025-05-16,East,13.41,29.16,0.337,0.075,552.86,9.75,9.37,93.86,339.43
2025-05-16,West,17.54,28.49,0.346,0.122,547.57,10.16,9.71,94.77,345.62
2025-05-16,Central,19.65,28.44,0.342,0.073,550.05,9.52,9.44,94.35,342.81
2025-05-17,North,19.8,28.15,0.368,0.053,562.14,9.65,9.63,95.96,348.25
2025-05-17,South,13.74,28.86,0.341,0.048,549.59,9.44,9.3,94.67,345.48
2025-05-17,East,10.18,29.05,0.324,0.011,557.47,9.7,9.36,93.52,337.53
2025-05-17,West,18.87,28.5,0.355,0.033,547.48,9.69,9.83,93.66,344.5
2025-05-17,Central,18.45,28.35,0.334,0.008,551.64,9.47,9.57,94.02,341.55
2025-05-18,North,20.64,28.45,0.348,0.027,563.59,9.8,9.67,95.18,349.23
2025-05-18,South,19.17,29.11,0.345,0.038,544.41,9.82,9.43,94.33,345.31
2025-05-18,East,15.08,29.45,0.311,0.033,555.95,9.65,9.4,93.22,338.39
2025-05-18,West,19.95,28.89,0.34,0.034,547.72,9.75,9.72,94.1,344.2
2025-05-18,Central,20.05,28.64,0.329,0.029,551.07,9.46,9.41,93.14,342.08
2025-05-19,North,24.07,28.34,0.398,0.062,557.82,9.91,9.73,95.44,349.04
2025-05-19,South,19.05,29.04,0.357,0.037,545.97,9.84,9.46,94.6,345.04
2025-05-19,East,16.33,29.24,0.345,0.021,555.22,9.72,9.26,93.28,338.06
2025-05-19,West,21.44,28.68,0.355,0.035,546.95,9.7,9.87,94.25,345.53
2025-05-19,Central,21.31,28.52,0.323,0.054,552.77,9.57,9.63,93.77,341.18
2025-05-20,North,22.63,28.41,0.376,0.037,557.31,9.78,9.72,94.98,347.96
2025-05-20,South,19.8,29.06,0.39,0.022,550.3,9.74,9.47,94.46,343.23
2025-05-20,East,15.58,29.29,0.348,0.011,554.64,9.85,9.46,93.49,336.48
2025-05-20,West,20.36,28.47,0.367,-0.008,546.87,9.88,9.67,94.3,342.6
2025-05-20,Central,21.31,28.53,0.367,0.01,554.96,9.4,9.4,94.12,339.93
2025-05-21,North,22.59,28.52,0.413,0.029,561.89,9.77,9.69,95.49,345.07
2025-05-21,South,18.37,29.13,0.403,0.007,548.47,9.56,9.61,94.55,341.09
2025-05-21,East,15.54,29.46,0.38,0.002,553.43,9.73,9.51,93.34,334.92
2025-05-21,West,19.42,28.78,0.399,0.002,545.26,9.71,9.78,94.16,341.68
2025-05-21,Central,21.31,28.72,0.371,0.004,552.72,9.52,9.51,93.78,339.28
2025-05-22,North,24.71,28.66,0.41,0.053,562.04,9.64,9.67,95.19,346.76
2025-05-22,South,21.35,29.37,0.394,0.033,549.89,9.56,9.54,94.93,343.39
2025-05-22,East,18.8,29.5,0.37,0.024,549.6,9.58,9.46,93.05,336.26
2025-05-22,West,23.88,28.8,0.406,0.021,542.87,9.82,9.77,94.26,342.95
2025-05-22,Central,25.47,28.84,0.397,0.051,555.16,9.37,9.57,93.95,338.71
2025-05-23,North,24.91,28.48,0.385,0.045,561.39,9.73,9.56,95.45,348.52
2025-05-23,South,22.35,29.28,0.386,0.041,548.47,9.76,9.42,94.34,344.49
2025-05-23,East,19.24,29.36,0.346,0.063,548.07,9.32,9.42,93.21,337.59
2025-05-23,West,21.84,28.71,0.362,0.043,545.44,9.73,9.83,93.78,343.22
2025-05-23,Central,24.54,28.64,0.342,0.048,548.25,9.52,9.38,93.18,342.99
2025-05-24,North,23.18,28.4,0.384,0.066,559.99,9.8,9.77,95.38,348.03
2025-05-24,South,20.11,29.1,0.376,0.058,549.17,9.66,9.67,93.7,344.35
2025-05-24,East,15.5,29.27,0.336,0.029,550.0,9.39,9.78,92.82,338.27
2025-05-24,West,19.86,28.77,0.38,0.029,545.37,9.81,9.76,93.79,342.42
2025-05-24,Central,22.06,28.66,0.35,0.046,551.02,9.57,9.55,93.37,342.3
2025-05-25,North,21.1,28.48,0.332,0.067,553.72,9.75,9.8,94.11,347.88
2025-05-25,South,18.44,29.25,0.351,0.055,548.48,9.52,9.5,94.03,344.5
2025-05-25,East,17.36,29.56,0.326,0.034,551.73,9.68,9.49,92.75,338.05
2025-05-25,West,20.49,28.84,0.329,0.054,544.51,9.58,9.76,93.31,343.66
2025-05-25,Central,23.88,28.88,0.319,0.04,547.17,9.56,9.48,93.38,341.05
2025-05-26,North,21.02,28.56,0.332,0.098,559.69,9.8,9.77,94.88,347.77
2025-05-26,South,19.01,29.23,0.305,0.045,548.39,9.67,9.57,93.87,343.43
2025-05-26,East,16.42,29.59,0.293,0.061,553.63,9.49,9.54,92.31,337.26
2025-05-26,West,20.67,28.96,0.308,0.077,545.53,9.75,9.81,93.52,343.28
2025-05-26,Central,21.51,28.67,0.279,0.063,548.7,9.43,9.38,92.81,339.74
2025-05-27,North,22.85,28.6,0.32,0.065,558.52,9.75,9.73,94.2,345.82
2025-05-27,South,16.22,29.38,0.314,0.059,547.2,9.54,9.55,93.57,341.34
2025-05-27,East,15.92,29.62,0.291,0.043,550.52,9.6,9.36,92.62,334.71
2025-05-27,West,22.91,28.8,0.306,0.043,546.24,9.55,9.7,93.41,343.01
2025-05-27,Central,21.89,28.88,0.312,0.045,546.78,9.33,9.65,92.49,338.93
2025-05-28,North,20.2,28.55,0.336,0.051,563.36,9.89,9.87,94.45,345.53
2025-05-28,South,16.74,29.18,0.319,0.05,547.55,9.66,9.65,93.51,340.94
2025-05-28,East,11.23,29.38,0.269,0.045,551.97,9.66,9.45,92.28,332.81
2025-05-28,West,16.21,28.84,0.292,0.017,542.75,9.87,10.1,93.27,337.47
2025-05-28,Central,18.48,28.89,0.285,0.051,548.64,9.29,9.43,92.57,337.34
2025-05-29,North,19.84,28.49,0.319,0.015,557.66,9.71,9.72,94.27,344.4
2025-05-29,South,17.21,29.2,0.326,0.04,545.26,9.39,9.76,93.29,339.19
2025-05-29,East,12.97,29.28,0.296,0.01,552.7,9.6,9.62,92.35,332.2
2025-05-29,West,18.02,28.69,0.297,0.016,543.71,9.89,9.93,92.93,339.69
2025-05-29,Central,19.84,28.66,0.289,0.003,549.49,9.36,9.66,92.69,336.8
2025-05-30,North,19.2,28.5,0.349,0.059,552.7,9.67,9.72,94.56,343.67
2025-05-30,South,14.83,29.12,0.337,0.025,546.45,9.41,9.67,93.67,337.46
2025-05-30,East,13.9,29.53,0.279,0.015,547.61,9.33,9.61,92.56,332.45
2025-05-30,West,16.59,28.91,0.305,0.023,542.31,9.74,9.94,92.8,337.87
2025-05-30,Central,17.87,28.76,0.318,0.013,547.56,9.51,9.61,92.96,335.63
2025-05-31,North,19.64,28.53,0.345,0.021,557.91,9.75,9.95,94.27,343.15
2025-05-31,South,15.31,29.23,0.323,0.008,543.8,9.26,9.62,93.58,338.71
2025-05-31,East,10.96,29.53,0.307,0.017,549.75,9.56,9.73,92.35,332.64
2025-05-31,West,17.68,28.66,0.33,0.032,540.8,9.72,9.87,93.18,338.36
2025-05-31,Central,17.38,28.54,0.315,0.03,547.86,9.42,9.28,92.1,336.25
2025-06-01,North,19.36,28.44,0.299,0.023,555.18,9.7,9.82,94.08,343.76
2025-06-01,South,16.11,29.16,0.306,0.015,540.86,9.46,9.48,93.21,338.85
2025-06-01,East,11.95,29.38,0.273,-0.02,550.72,9.5,9.68,91.89,332.45
2025-06-01,West,17.28,28.65,0.298,0.01,547.14,9.7,10.07,92.87,338.16
2025-06-01,Central,16.82,28.59,0.305,-0.007,547.47,9.29,9.77,92.38,335.11
2025-06-02,North,22.98,28.47,0.308,-0.024,557.26,9.75,9.71,93.76,344.57
2025-06-02,South,17.66,29.11,0.296,-0.024,545.65,9.36,9.61,93.23,338.49
2025-06-02,East,15.34,29.28,0.275,-0.042,545.84,9.41,9.66,91.76,332.77
2025-06-02,West,20.13,28.71,0.288,-0.049,540.35,9.84,9.86,92.89,338.19
2025-06-02,Central,19.52,28.6,0.3,-0.013,550.52,9.23,9.42,92.24,336.3
2025-06-03,North,24.64,28.32,0.285,-0.018,554.08,9.84,9.48,93.62,344.49
2025-06-03,South,20.95,28.96,0.285,-0.018,549.35,9.38,9.61,92.81,340.95
2025-06-03,East,15.49,29.21,0.241,-0.042,553.11,9.46,9.57,91.23,333.42
2025-06-03,West,21.47,28.73,0.274,-0.027,542.68,9.73,9.72,92.2,339.06
2025-06-03,Central,24.17,28.61,0.265,-0.018,549.34,9.17,9.5,91.95,337.12
2025-06-04,North,22.39,28.24,0.24,-0.037,554.69,9.81,9.77,93.57,343.66
2025-06-04,South,20.04,29.0,0.239,-0.04,544.54,9.5,9.81,92.99,340.03
2025-06-04,East,15.2,29.14,0.223,-0.049,548.02,9.75,9.56,91.15,332.13
2025-06-04,West,20.81,28.46,0.224,-0.057,542.58,9.69,9.99,91.89,337.73
2025-06-04,Central,21.51,28.5,0.22,-0.032,546.36,9.35,9.34,91.55,337.05
2025-06-05,North,22.47,28.69,0.248,-0.022,556.14,9.66,9.78,92.96,343.42
2025-06-05,South,19.74,29.28,0.252,-0.021,543.61,9.65,9.62,92.9,338.78
2025-06-05,East,15.97,29.56,0.22,-0.042,552.61,9.4,9.58,91.11,331.64
2025-06-05,West,22.53,28.95,0.244,-0.043,541.54,9.79,9.83,92.13,338.56
2025-06-05,Central,21.35,28.83,0.231,-0.009,546.19,9.28,9.69,92.21,334.62
2025-06-06,North,22.84,28.29,0.253,-0.01,554.23,9.6,9.77,93.27,342.31
2025-06-06,South,18.04,29.18,0.249,0.008,541.18,9.58,9.82,92.89,337.49
2025-06-06,East,13.57,29.42,0.2,-0.042,548.21,9.56,9.61,91.42,331.95
2025-06-06,West,21.27,28.65,0.231,-0.004,543.54,9.6,10.04,91.8,337.31
2025-06-06,Central,23.37,28.56,0.204,-0.007,549.35,9.28,9.62,91.62,334.29
2025-06-07,North,21.74,28.52,0.258,-0.053,556.43,9.69,9.63,93.29,340.19
2025-06-07,South,20.38,29.16,0.233,-0.026,542.24,9.4,9.98,92.36,338.05
2025-06-07,East,16.16,29.43,0.218,-0.053,548.58,9.62,9.63,91.25,329.75
2025-06-07,West,21.12,28.61,0.236,-0.022,541.19,9.69,9.82,92.21,336.1
2025-06-07,Central,22.51,28.57,0.219,-0.056,547.47,9.45,9.48,91.7,333.87
2025-06-08,North,22.15,28.23,0.279,-0.003,556.84,9.8,10.0,93.45,340.86
2025-06-08,South,17.27,28.99,0.251,-0.023,542.85,9.33,9.68,92.2,337.44
2025-06-08,East,15.25,29.12,0.232,-0.045,545.84,9.39,9.65,91.27,330.02
2025-06-08,West,20.59,28.51,0.249,-0.04,541.98,9.52,10.14,91.98,337.75
2025-06-08,Central,19.94,28.28,0.237,-0.032,546.68,9.32,9.69,91.64,335.0
2025-06-09,North,22.63,28.25,0.247,-0.037,551.96,9.83,10.02,93.0,341.18
2025-06-09,South,18.02,29.0,0.256,-0.052,540.79,9.36,9.72,92.26,336.64
2025-06-09,East,14.42,29.18,0.217,-0.063,543.67,9.42,9.8,90.31,330.76
2025-06-09,West,20.25,28.55,0.224,-0.074,539.19,9.61,10.02,91.48,336.48
2025-06-09,Central,19.93,28.49,0.226,-0.048,546.96,9.35,9.68,91.88,331.87
2025-06-10,North,23.73,28.16,0.245,-0.016,554.23,9.56,10.01,93.33,340.21
2025-06-10,South,19.91,28.95,0.233,-0.023,539.71,9.49,9.78,92.18,337.24
2025-06-10,East,16.39,29.04,0.219,-0.046,549.31,9.62,9.77,90.78,329.83
2025-06-10,West,21.2,28.62,0.246,-0.036,538.27,9.57,9.94,91.76,335.36
2025-06-10,Central,22.16,28.61,0.229,-0.038,546.44,9.58,9.75,91.33,332.29
2025-06-11,North,23.45,28.33,0.244,-0.014,555.27,9.73,9.72,93.09,340.7
2025-06-11,South,18.25,28.85,0.223,-0.011,541.33,9.55,9.93,91.87,334.75
2025-06-11,East,14.98,29.09,0.183,-0.031,549.14,9.59,9.51,90.97,328.38
2025-06-11,West,19.09,28.56,0.221,-0.014,538.81,9.53,10.12,91.72,334.46
2025-06-11,Central,19.26,28.52,0.217,-0.011,546.89,9.37,9.58,91.26,333.02
2025-06-12,North,21.29,28.39,0.221,-0.014,552.81,9.67,10.16,93.14,338.23
2025-06-12,South,18.18,29.11,0.209,-0.037,543.44,9.33,9.96,92.07,334.59
2025-06-12,East,13.81,29.3,0.157,-0.074,543.62,9.66,9.65,90.26,327.55
2025-06-12,West,19.01,28.64,0.2,-0.046,539.31,9.61,9.86,91.5,334.53
2025-06-12,Central,20.46,28.58,0.176,-0.056,546.93,9.33,9.81,91.15,330.91
2025-06-13,North,17.26,28.48,0.206,-0.026,552.74,9.67,9.98,92.99,337.65
2025-06-13,South,14.67,29.2,0.206,-0.027,542.2,9.55,9.71,91.72,334.98
2025-06-13,East,10.19,29.22,0.181,-0.051,548.41,9.45,9.89,90.66,327.12
2025-06-13,West,16.66,28.58,0.195,-0.04,537.06,9.58,10.24,91.43,333.58
2025-06-13,Central,18.43,28.59,0.175,-0.04,544.35,9.26,9.6,91.17,330.04
2025-06-14,North,19.47,28.41,0.199,0.015,551.71,9.83,9.99,92.62,338.63
2025-06-14,South,15.57,29.22,0.19,-0.014,539.24,9.4,9.98,91.6,334.32
2025-06-14,East,12.77,29.52,0.172,-0.023,548.48,9.5,9.77,90.45,327.83
2025-06-14,West,17.43,28.77,0.19,0.02,537.46,9.64,10.07,90.99,334.77
2025-06-14,Central,18.5,28.63,0.188,-0.022,546.66,9.37,9.78,91.06,331.86
2025-06-15,North,22.77,28.1,0.205,0.024,548.76,9.57,9.88,92.25,339.77
2025-06-15,South,17.8,28.87,0.182,-0.02,543.0,9.39,9.73,91.67,335.46
2025-06-15,East,17.1,28.92,0.152,-0.023,545.05,9.53,9.96,90.29,329.34
2025-06-15,West,21.91,28.31,0.181,-0.015,538.85,9.73,10.04,91.25,336.79
2025-06-15,Central,21.8,28.32,0.161,-0.031,544.08,9.5,9.85,90.77,332.99
2025-06-16,North,23.84,28.14,0.215,0.004,549.94,9.54,9.81,92.08,340.07
2025-06-16,South,20.14,28.98,0.203,-0.009,540.35,9.38,10.02,91.71,336.93
2025-06-16,East,16.58,29.05,0.199,-0.044,547.62,9.38,9.8,90.08,331.09
2025-06-16,West,21.12,28.58,0.199,-0.037,539.14,9.47,10.13,91.12,337.31
2025-06-16,Central,23.23,28.52,0.183,-0.04,541.94,9.29,9.95,90.44,334.29
2025-06-17,North,24.55,28.35,0.213,-0.001,549.96,9.65,10.24,91.85,341.94
2025-06-17,South,21.75,29.12,0.188,0.013,538.18,9.39,9.99,90.79,336.96
2025-06-17,East,19.15,29.11,0.153,-0.029,546.92,9.56,9.59,89.94,331.06
2025-06-17,West,24.26,28.55,0.185,-0.014,538.17,9.62,9.86,91.04,337.64
2025-06-17,Central,24.9,28.56,0.174,-0.022,544.0,9.46,9.63,90.44,333.69
2025-06-18,North,23.87,28.24,0.189,-0.019,547.71,9.63,10.12,92.08,342.19
2025-06-18,South,20.7,29.0,0.193,-0.007,540.78,9.49,10.02,91.08,337.43
2025-06-18,East,17.51,29.18,0.163,-0.046,544.76,9.6,9.85,89.89,329.94
2025-06-18,West,22.84,28.61,0.177,-0.028,533.67,9.5,10.03,90.29,336.04
2025-06-18,Central,22.03,28.45,0.185,-0.039,544.19,9.35,9.93,90.32,334.33
2025-06-19,North,23.86,28.12,0.196,0.003,547.53,9.75,10.21,91.96,340.96
2025-06-19,South,20.67,28.84,0.164,-0.025,539.43,9.51,9.85,90.86,337.41
2025-06-19,East,16.43,29.0,0.156,-0.023,545.42,9.59,9.86,90.04,330.55
2025-06-19,West,21.72,28.43,0.178,0.006,539.18,9.59,10.12,90.31,336.98
2025-06-19,Central,23.25,28.29,0.179,0.005,543.6,9.27,9.98,90.52,333.52
2025-06-20,North,22.58,27.95,0.188,0.005,548.12,9.89,9.95,91.74,339.6
2025-06-20,South,17.52,28.72,0.193,0.007,541.92,9.28,10.01,91.55,337.18
2025-06-20,East,15.87,28.95,0.156,-0.0,541.76,9.44,10.08,90.1,329.17
2025-06-20,West,19.56,28.3,0.173,0.021,533.74,9.43,10.23,90.84,335.83
2025-06-20,Central,21.17,28.26,0.169,-0.002,541.87,9.37,9.81,90.68,333.85
2025-06-21,North,24.05,28.02,0.202,-0.009,550.99,9.63,10.12,91.66,341.87
2025-06-21,South,17.26,28.56,0.186,-0.029,537.75,9.34,10.13,90.66,336.38
2025-06-21,East,15.44,28.86,0.184,-0.013,547.35,9.3,9.97,89.91,329.08
2025-06-21,West,20.72,28.22,0.186,-0.006,537.31,9.52,10.3,90.61,336.41
2025-06-21,Central,21.0,27.99,0.172,-0.026,541.79,9.27,9.83,90.35,333.1
2025-06-22,North,22.64,27.69,0.193,0.003,548.42,9.67,10.18,91.68,340.54
2025-06-22,South,18.87,28.64,0.197,0.018,536.83,9.41,10.3,91.07,335.83
2025-06-22,East,16.04,28.83,0.148,-0.015,541.43,9.28,10.06,89.19,330.67
2025-06-22,West,22.53,28.24,0.197,0.01,535.86,9.5,10.27,90.82,337.02
2025-06-22,Central,22.92,28.01,0.171,-0.008,543.02,8.97,9.96,89.97,333.75
2025-06-23,North,24.79,27.9,0.198,0.019,549.94,9.87,10.24,92.05,341.82
2025-06-23,South,19.46,28.7,0.184,0.033,541.85,9.4,10.24,91.05,336.95
2025-06-23,East,16.95,28.86,0.147,0.007,544.96,9.55,10.0,89.95,328.97
2025-06-23,West,19.79,28.22,0.155,0.021,536.41,9.38,10.06,90.55,334.83
2025-06-23,Central,21.76,27.97,0.162,-0.002,537.1,9.44,10.08,90.21,333.27
2025-06-24,North,21.38,28.13,0.17,0.023,549.93,9.59,10.34,92.01,340.08
2025-06-24,South,17.43,28.66,0.146,0.005,539.6,9.49,9.89,90.63,334.9
2025-06-24,East,13.7,28.89,0.118,0.002,542.39,9.58,9.97,89.89,327.12
2025-06-24,West,20.98,28.3,0.148,0.012,534.73,9.4,10.43,90.24,335.6
2025-06-24,Central,20.68,28.19,0.13,0.014,541.06,9.3,9.7,90.16,333.4
2025-06-25,North,20.2,27.59,0.179,-0.022,547.32,9.85,10.26,91.37,338.1
2025-06-25,South,16.32,28.44,0.175,-0.028,538.77,9.6,10.11,90.85,334.68
2025-06-25,East,12.54,28.58,0.138,-0.035,542.76,9.59,10.04,89.3,328.18
2025-06-25,West,16.46,28.12,0.168,-0.009,535.39,9.72,10.44,90.34,333.3
2025-06-25,Central,17.75,27.85,0.159,-0.014,540.22,9.24,10.29,89.8,331.74
2025-06-26,North,18.95,27.75,0.21,-0.012,548.84,9.62,10.14,91.49,340.18
2025-06-26,South,14.7,28.45,0.192,-0.042,536.34,9.18,10.24,90.23,335.36
2025-06-26,East,10.19,28.61,0.174,-0.035,542.33,9.46,10.0,89.18,327.24
2025-06-26,West,16.02,28.1,0.197,-0.019,534.49,9.55,10.42,90.44,334.13
2025-06-26,Central,16.69,28.06,0.169,-0.037,539.82,9.27,10.19,90.22,331.42
2025-06-27,North,18.65,27.61,0.206,-0.009,544.47,9.8,10.17,91.47,339.87
2025-06-27,South,16.39,28.37,0.194,-0.029,538.12,9.48,10.15,90.72,336.59
2025-06-27,East,11.96,28.61,0.177,-0.034,540.51,9.47,9.96,89.31,329.7
2025-06-27,West,17.15,27.93,0.195,-0.023,537.84,9.58,10.42,90.58,335.48
2025-06-27,Central,17.8,27.92,0.177,-0.023,538.51,9.43,10.35,89.79,331.58
2025-06-28,North,22.93,27.71,0.198,-0.037,549.62,9.59,10.35,91.42,341.2
2025-06-28,South,19.67,28.41,0.17,-0.033,537.1,9.35,10.23,90.55,337.02
2025-06-28,East,15.96,28.41,0.149,-0.053,541.61,9.73,10.08,88.85,330.22
2025-06-28,West,21.02,27.91,0.166,-0.04,534.69,9.61,10.58,90.06,335.54
2025-06-28,Central,20.6,27.81,0.155,-0.094,541.4,9.09,10.19,89.54,333.36
2025-06-29,North,24.75,27.56,0.183,-0.051,544.89,9.77,10.39,90.97,342.6
2025-06-29,South,20.78,28.17,0.185,-0.053,535.06,9.06,10.19,90.23,337.16
2025-06-29,East,17.81,28.39,0.156,-0.062,541.13,9.4,10.04,88.58,332.25
2025-06-29,West,22.13,27.75,0.178,-0.069,535.54,9.62,10.34,89.49,337.18
2025-06-29,Central,22.59,27.63,0.155,-0.044,539.18,9.58,10.17,89.37,334.05
2025-06-30,North,22.21,27.36,0.22,-0.077,547.37,9.59,10.45,91.35,341.04
2025-06-30,South,16.02,28.17,0.219,-0.073,531.9,9.15,10.21,90.25,337.12
2025-06-30,East,16.47,28.36,0.181,-0.085,540.09,9.52,10.1,88.86,330.47
2025-06-30,West,19.05,27.78,0.206,-0.079,534.7,9.66,10.69,89.76,336.51
2025-06-30,Central,20.64,27.65,0.207,-0.073,543.5,9.25,10.01,89.67,333.39
2025-07-01,North,25.2,27.19,0.229,-0.033,546.73,9.59,10.37,90.75,343.06
2025-07-01,South,20.97,27.83,0.203,-0.079,537.13,9.26,10.29,90.43,339.59
2025-07-01,East,18.5,28.07,0.183,-0.092,545.62,9.52,10.23,88.99,331.44
2025-07-01,West,24.0,27.36,0.182,-0.07,534.24,9.53,10.72,89.38,338.51
2025-07-01,Central,23.88,27.35,0.192,-0.07,537.43,9.23,10.05,89.37,334.91
2025-07-02,North,26.76,27.07,0.231,-0.025,545.44,9.61,10.56,91.11,343.81
2025-07-02,South,22.88,27.88,0.229,-0.063,535.01,9.61,10.26,90.01,339.93
2025-07-02,East,18.31,28.09,0.213,-0.078,541.38,9.67,10.16,88.9,332.18
2025-07-02,West,24.11,27.42,0.213,-0.054,532.38,9.54,10.43,89.88,339.06
2025-07-02,Central,24.21,27.33,0.197,-0.06,538.25,9.63,10.13,88.91,336.5
2025-07-03,North,23.88,27.16,0.219,-0.092,545.41,9.82,10.32,90.71,342.55
2025-07-03,South,19.28,27.68,0.195,-0.088,534.5,9.52,10.3,89.87,338.38
2025-07-03,East,14.93,27.92,0.183,-0.126,539.3,9.55,10.47,88.36,330.94
2025-07-03,West,20.9,27.14,0.223,-0.115,526.82,9.68,10.63,89.34,337.8
2025-07-03,Central,23.28,27.24,0.179,-0.116,536.03,9.18,10.31,89.25,334.84
2025-07-04,North,23.23,26.99,0.205,-0.086,545.83,9.76,10.5,90.7,343.5
2025-07-04,South,17.96,27.8,0.191,-0.098,536.51,9.34,10.35,90.09,338.3
2025-07-04,East,15.33,27.82,0.171,-0.086,536.32,9.41,10.01,88.75,330.59
2025-07-04,West,22.07,27.14,0.187,-0.107,533.76,9.58,10.78,89.23,337.59
2025-07-04,Central,23.2,27.11,0.163,-0.095,538.18,9.41,10.14,89.15,334.96
2025-07-05,North,25.11,26.84,0.214,-0.068,549.24,9.72,10.47,90.93,342.34
2025-07-05,South,20.61,27.7,0.21,-0.082,533.74,9.56,10.26,90.0,338.39
2025-07-05,East,17.01,27.91,0.173,-0.105,542.42,9.62,10.18,88.42,331.67
2025-07-05,West,23.46,27.3,0.193,-0.071,533.01,9.47,10.32,89.94,337.87
2025-07-05,Central,24.5,26.95,0.17,-0.074,539.79,9.24,10.14,89.23,336.22
2025-07-06,North,25.8,27.05,0.209,-0.065,544.71,9.61,10.38,91.11,341.99
2025-07-06,South,22.32,27.72,0.209,-0.067,531.75,9.37,10.41,89.96,338.4
2025-07-06,East,18.18,27.98,0.202,-0.075,540.55,9.55,10.28,88.44,331.29
2025-07-06,West,22.78,27.29,0.218,-0.061,532.23,9.58,10.67,89.47,337.14
2025-07-06,Central,24.31,27.37,0.199,-0.076,537.51,9.23,10.16,88.94,335.11
2025-07-07,North,23.4,26.94,0.206,-0.062,542.06,9.81,10.67,90.41,340.43
2025-07-07,South,19.66,27.6,0.201,-0.07,531.23,9.55,10.41,89.83,337.08
2025-07-07,East,15.59,27.76,0.151,-0.083,539.54,9.7,10.32,88.4,329.85
2025-07-07,West,23.49,27.39,0.173,-0.079,532.39,9.48,10.4,89.31,337.32
2025-07-07,Central,23.17,27.14,0.19,-0.069,537.7,9.21,10.39,88.53,334.23
2025-07-08,North,26.04,26.86,0.16,-0.051,543.47,9.87,10.63,90.44,341.49
2025-07-08,South,20.94,27.61,0.176,-0.088,534.46,9.43,10.39,89.48,337.33
2025-07-08,East,17.93,27.83,0.132,-0.098,539.07,9.49,10.33,88.45,329.69
2025-07-08,West,22.86,27.13,0.161,-0.098,530.14,9.68,10.63,89.28,336.49
2025-07-08,Central,25.37,27.04,0.148,-0.092,537.83,9.25,10.31,88.58,334.17
2025-07-09,North,22.08,26.75,0.188,-0.1,544.55,9.81,10.66,90.02,339.46
2025-07-09,South,18.41,27.69,0.179,-0.083,532.97,9.52,10.44,89.71,334.75
2025-07-09,East,15.28,27.8,0.153,-0.102,538.95,9.46,10.2,88.31,328.17
2025-07-09,West,20.14,27.12,0.184,-0.097,530.33,9.66,10.84,89.02,334.51
2025-07-09,Central,21.66,26.96,0.183,-0.094,535.39,9.35,10.51,88.4,331.51
2025-07-10,North,21.22,27.02,0.205,-0.091,544.34,9.67,10.75,90.46,340.82
2025-07-10,South,18.07,27.56,0.194,-0.089,534.18,9.33,10.37,89.23,336.72
2025-07-10,East,15.73,27.85,0.155,-0.119,535.99,9.5,10.35,87.95,329.69
2025-07-10,West,21.0,27.35,0.167,-0.122,528.67,9.81,10.82,89.26,334.56
2025-07-10,Central,22.46,27.02,0.152,-0.114,536.91,9.15,10.57,88.56,332.7
2025-07-11,North,24.99,27.02,0.216,-0.104,544.13,9.76,10.73,90.03,341.8
2025-07-11,South,21.74,27.61,0.203,-0.093,534.39,9.5,10.35,88.93,337.3
2025-07-11,East,19.72,27.79,0.185,-0.13,535.38,9.67,10.57,87.6,331.68
2025-07-11,West,22.63,27.25,0.188,-0.109,528.3,9.73,10.59,89.0,336.7
2025-07-11,Central,23.22,27.02,0.178,-0.104,532.91,9.22,10.44,88.06,335.22
2025-07-12,North,25.18,26.9,0.225,-0.094,542.33,9.53,10.73,90.13,340.45
2025-07-12,South,21.12,27.56,0.25,-0.089,530.22,9.29,10.47,89.4,337.04
2025-07-12,East,17.98,27.82,0.185,-0.102,535.28,9.54,10.27,87.97,330.51
2025-07-12,West,22.59,27.34,0.235,-0.086,529.13,9.57,10.66,88.69,335.43
2025-07-12,Central,21.81,27.01,0.212,-0.085,535.39,9.28,10.35,88.9,333.76
2025-07-13,North,26.56,26.72,0.25,-0.1,544.19,9.66,10.41,89.87,342.01
2025-07-13,South,23.18,27.58,0.226,-0.114,529.67,9.33,10.51,89.11,337.67
2025-07-13,East,18.03,27.85,0.175,-0.103,532.98,9.4,10.66,87.4,331.8
2025-07-13,West,22.95,27.17,0.201,-0.097,528.54,9.47,10.73,89.27,336.83
2025-07-13,Central,23.98,27.01,0.2,-0.095,532.07,9.38,10.26,88.26,334.6
2025-07-14,North,24.35,26.75,0.21,-0.092,543.66,9.61,10.66,89.79,339.78
2025-07-14,South,22.44,27.3,0.228,-0.099,533.87,9.38,10.49,88.94,334.98
2025-07-14,East,18.78,27.42,0.184,-0.092,535.65,9.36,10.58,87.67,329.84
2025-07-14,West,24.96,26.99,0.206,-0.09,531.18,9.7,10.89,88.53,335.02
2025-07-14,Central,25.09,26.81,0.183,-0.087,534.35,9.16,10.64,88.13,333.29
2025-07-15,North,28.66,26.6,0.241,-0.093,540.79,9.74,10.77,89.41,342.27
2025-07-15,South,24.26,27.46,0.234,-0.099,529.79,9.51,10.5,88.93,336.11
2025-07-15,East,21.26,27.47,0.205,-0.111,536.18,9.28,10.47,87.27,329.93
2025-07-15,West,26.08,26.93,0.215,-0.098,530.18,9.63,10.91,87.93,335.58
2025-07-15,Central,27.13,26.87,0.196,-0.104,535.52,9.2,10.42,87.71,333.34
2025-07-16,North,29.18,26.39,0.232,-0.04,543.56,9.65,10.61,90.09,343.1
2025-07-16,South,26.78,26.99,0.222,-0.032,529.89,9.18,10.55,88.7,338.62
2025-07-16,East,23.03,27.11,0.177,-0.061,530.9,9.37,10.58,87.67,331.56
2025-07-16,West,26.49,26.74,0.227,-0.035,528.3,9.54,10.54,88.45,338.49
2025-07-16,Central,29.27,26.62,0.193,-0.053,532.0,9.47,10.59,88.09,335.61
2025-07-17,North,30.55,26.4,0.233,-0.065,541.43,9.71,10.74,89.55,343.66
2025-07-17,South,27.73,27.18,0.201,-0.061,531.33,9.57,10.79,88.02,337.89
2025-07-17,East,23.8,27.54,0.17,-0.081,532.79,9.41,10.47,87.23,331.19
2025-07-17,West,29.2,26.85,0.196,-0.063,527.35,9.52,10.66,88.39,337.81
2025-07-17,Central,30.62,26.77,0.2,-0.073,531.45,9.52,10.68,87.41,335.79
2025-07-18,North,32.43,26.52,0.178,-0.065,541.46,9.62,10.84,88.84,343.03
2025-07-18,South,29.17,27.32,0.196,-0.07,530.49,9.35,10.61,88.48,338.13
2025-07-18,East,26.07,27.43,0.139,-0.071,539.29,9.61,10.33,87.67,330.35
2025-07-18,West,29.05,26.63,0.168,-0.096,523.58,9.52,10.77,87.77,338.28
2025-07-18,Central,31.59,26.78,0.165,-0.082,535.37,9.48,10.49,87.27,335.16
2025-07-19,North,33.1,26.69,0.192,0.003,538.19,9.68,10.81,89.71,343.43
2025-07-19,South,29.18,27.43,0.176,-0.006,525.98,9.46,10.75,88.44,340.17
2025-07-19,East,27.62,27.49,0.144,-0.018,536.55,9.33,10.52,87.18,333.58
2025-07-19,West,31.98,26.95,0.174,-0.023,529.39,9.83,10.77,88.09,338.59
2025-07-19,Central,33.28,26.92,0.155,-0.021,535.26,9.21,10.49,87.77,335.63
2025-07-20,North,34.91,26.48,0.19,0.019,541.65,9.79,10.75,89.43,343.06
2025-07-20,South,30.43,27.22,0.156,0.003,531.65,9.53,10.64,88.71,338.81
2025-07-20,East,25.53,27.63,0.145,-0.013,537.48,9.5,10.52,87.53,331.1
2025-07-20,West,31.86,26.87,0.145,-0.008,531.26,9.64,10.76,88.27,336.88
2025-07-20,Central,32.61,26.77,0.152,-0.012,536.01,9.27,10.37,87.8,336.01
2025-07-21,North,30.53,26.64,0.167,-0.022,540.45,9.55,10.88,89.45,341.26
2025-07-21,South,29.69,27.2,0.183,-0.01,528.07,9.47,10.69,88.24,338.54
2025-07-21,East,25.95,27.44,0.146,-0.041,533.93,9.54,10.65,86.92,332.52
2025-07-21,West,30.96,26.86,0.156,-0.029,530.04,9.73,10.99,88.59,337.59
2025-07-21,Central,32.63,26.63,0.151,-0.016,533.61,9.33,10.73,87.24,335.33
2025-07-22,North,31.04,26.73,0.187,-0.009,538.93,9.83,10.71,89.2,341.5
2025-07-22,South,28.54,27.4,0.163,-0.01,528.42,9.44,10.85,88.23,337.94
2025-07-22,East,25.94,27.69,0.136,-0.022,534.63,9.63,10.67,87.25,331.58
2025-07-22,West,28.81,26.99,0.161,0.004,528.52,9.62,10.9,87.88,336.86
2025-07-22,Central,30.95,26.96,0.159,0.013,532.0,9.23,10.74,87.85,333.48
2025-07-23,North,29.36,26.88,0.206,-0.005,539.75,9.63,10.98,89.37,341.69
2025-07-23,South,25.15,27.52,0.183,-0.022,529.44,9.57,10.69,88.33,338.13
2025-07-23,East,22.98,27.74,0.134,-0.044,533.81,9.43,10.37,87.22,330.57
2025-07-23,West,30.24,27.16,0.161,-0.026,527.09,9.44,10.66,87.72,337.82
2025-07-23,Central,29.68,27.17,0.151,-0.046,530.12,9.1,10.54,87.68,334.81
2025-07-24,North,29.51,26.6,0.192,0.003,536.89,9.83,10.87,89.23,341.3
2025-07-24,South,23.99,27.38,0.203,-0.01,529.16,9.51,10.67,88.54,336.57
2025-07-24,East,21.93,27.41,0.185,-0.03,534.2,9.63,10.53,87.0,331.22
2025-07-24,West,26.82,26.99,0.167,-0.019,527.22,9.26,11.06,88.25,337.58
2025-07-24,Central,28.12,26.94,0.181,-0.021,530.07,9.38,10.57,87.46,335.32
2025-07-25,North,28.76,26.55,0.15,-0.017,537.24,9.72,10.77,88.96,340.08
2025-07-25,South,23.05,27.29,0.141,-0.003,526.7,9.46,10.83,88.22,335.22
2025-07-25,East,21.16,27.34,0.126,-0.01,536.77,9.58,10.67,86.99,329.32
2025-07-25,West,27.75,26.85,0.142,-0.013,526.48,9.35,10.85,87.88,336.49
2025-07-25,Central,28.15,26.82,0.125,-0.022,528.51,9.43,10.68,87.73,332.86
2025-07-26,North,29.48,26.43,0.159,-0.005,537.1,9.89,10.73,89.12,338.96
2025-07-26,South,25.79,27.19,0.175,-0.02,524.75,9.16,10.91,88.33,336.36
2025-07-26,East,21.49,27.47,0.129,-0.032,536.51,9.61,10.8,86.77,328.29
2025-07-26,West,25.0,26.85,0.144,-0.023,524.43,9.69,11.12,87.59,334.88
2025-07-26,Central,27.95,26.72,0.154,-0.041,529.29,9.46,10.6,87.35,331.84
2025-07-27,North,32.39,26.54,0.156,0.025,540.06,9.72,11.06,88.81,340.51
2025-07-27,South,28.67,27.29,0.13,-0.014,524.68,9.52,10.84,87.53,337.87
2025-07-27,East,24.33,27.48,0.133,-0.008,534.44,9.71,10.9,86.84,329.56
2025-07-27,West,31.09,26.92,0.146,0.024,524.16,9.56,11.05,87.37,334.93
2025-07-27,Central,32.74,26.72,0.12,0.012,529.75,9.27,10.61,87.16,333.19
2025-07-28,North,33.44,26.45,0.141,0.018,538.74,9.68,10.87,88.43,341.7
2025-07-28,South,27.3,27.17,0.114,0.01,526.87,9.6,10.46,87.8,337.08
2025-07-28,East,25.1,27.35,0.109,0.003,533.46,9.33,10.67,86.55,329.67
2025-07-28,West,28.87,26.62,0.125,0.014,524.88,9.7,11.05,87.63,336.65
2025-07-28,Central,30.2,26.63,0.122,0.031,526.9,9.35,10.7,86.64,333.26
2025-07-29,North,33.92,26.31,0.11,0.046,536.14,9.91,10.95,88.55,341.46
2025-07-29,South,28.48,26.91,0.131,0.045,530.7,9.65,10.76,87.34,337.96
2025-07-29,East,25.99,27.32,0.069,0.016,532.0,9.66,10.62,86.48,330.85
2025-07-29,West,31.43,26.71,0.082,0.037,523.89,9.73,10.84,86.65,337.31
2025-07-29,Central,30.03,26.47,0.083,0.026,531.91,9.37,10.67,86.7,334.21
2025-07-30,North,35.04,26.15,0.124,0.049,538.77,9.51,10.97,88.08,341.09
2025-07-30,South,30.4,26.77,0.091,0.038,527.66,9.48,10.84,87.56,337.01
2025-07-30,East,27.32,27.08,0.089,0.033,532.85,9.53,10.81,86.49,330.39
2025-07-30,West,33.39,26.37,0.106,0.02,523.41,9.66,11.0,87.06,336.13
2025-07-30,Central,33.42,26.38,0.079,0.03,527.97,9.29,10.94,86.45,333.77
2025-07-31,North,34.17,25.94,0.112,0.014,535.61,9.68,10.92,88.38,340.5
2025-07-31,South,28.45,26.79,0.093,0.042,526.27,9.23,11.01,87.77,336.45
2025-07-31,East,27.17,27.06,0.07,0.009,532.64,9.31,10.74,86.4,330.45
2025-07-31,West,32.81,26.42,0.083,0.033,525.49,9.39,11.15,87.08,336.07
2025-07-31,Central,32.25,26.36,0.073,0.021,529.83,9.12,10.84,86.8,332.22
2025-08-01,North,35.43,26.05,0.114,0.063,534.91,9.9,10.85,88.49,340.96
2025-08-01,South,29.48,26.82,0.114,0.031,524.0,9.64,11.21,87.32,336.89
2025-08-01,East,26.84,27.08,0.075,0.025,530.8,9.28,10.8,86.4,330.03
2025-08-01,West,31.1,26.38,0.108,0.026,523.14,9.68,11.17,87.3,335.96
2025-08-01,Central,34.1,26.31,0.085,0.022,531.69,9.56,10.56,86.63,334.06
2025-08-02,North,33.63,26.07,0.137,0.06,534.79,9.95,10.89,88.29,341.09
2025-08-02,South,29.73,26.73,0.127,0.056,524.83,9.42,11.05,87.89,337.15
2025-08-02,East,26.2,27.06,0.107,0.036,530.71,9.48,10.65,85.58,330.44
2025-08-02,West,32.73,26.43,0.137,0.066,522.86,9.5,10.95,86.96,335.03
2025-08-02,Central,33.14,26.28,0.125,0.062,524.87,9.29,10.64,86.44,333.19
2025-08-03,North,36.19,25.64,0.144,0.055,534.93,9.9,10.98,88.17,339.98
2025-08-03,South,31.92,26.56,0.116,0.058,520.94,9.46,10.89,87.08,336.05
2025-08-03,East,29.69,26.82,0.091,0.048,526.57,9.46,10.73,85.65,330.54
2025-08-03,West,32.48,26.06,0.131,0.076,524.66,9.46,11.26,87.16,334.56
2025-08-03,Central,34.07,25.83,0.105,0.066,524.43,9.61,10.59,86.53,333.05
2025-08-04,North,36.48,26.01,0.133,0.104,534.33,9.79,10.83,88.27,341.64
2025-08-04,South,32.34,26.64,0.12,0.12,524.84,9.32,10.96,87.33,338.1
2025-08-04,East,27.92,26.8,0.11,0.079,528.77,9.87,10.79,85.88,330.55
2025-08-04,West,34.97,26.28,0.127,0.063,524.58,9.71,11.11,86.81,336.16
2025-08-04,Central,35.27,26.09,0.081,0.089,529.87,9.46,10.87,86.74,333.62
2025-08-05,North,33.93,26.09,0.146,0.096,535.37,9.94,10.98,88.08,340.31
2025-08-05,South,29.09,26.62,0.122,0.104,519.78,9.52,10.79,87.24,335.14
2025-08-05,East,28.55,26.79,0.086,0.078,528.88,9.36,10.59,86.2,328.95
2025-08-05,West,31.07,26.36,0.135,0.075,522.28,9.6,11.19,86.8,335.01
2025-08-05,Central,35.22,26.11,0.12,0.086,525.68,9.3,10.67,86.74,332.41
2025-08-06,North,35.09,25.89,0.134,0.086,536.89,9.67,11.01,88.35,338.26
2025-08-06,South,29.43,26.47,0.121,0.081,528.51,9.54,10.66,87.33,336.17
2025-08-06,East,28.49,26.69,0.075,0.097,528.85,9.51,10.9,86.03,329.88
2025-08-06,West,32.09,26.21,0.1,0.072,518.9,9.67,11.14,86.78,335.41
2025-08-06,Central,34.26,25.93,0.122,0.076,527.14,9.5,10.98,86.45,332.11
2025-08-07,North,35.38,25.65,0.133,0.096,532.51,9.91,10.97,87.95,339.87
2025-08-07,South,33.1,26.51,0.138,0.095,523.61,9.6,11.07,87.07,335.83
2025-08-07,East,30.57,26.59,0.104,0.086,528.23,9.83,10.69,85.77,330.34
2025-08-07,West,33.64,26.06,0.124,0.099,522.46,9.78,11.05,87.06,336.65
2025-08-07,Central,35.21,25.88,0.118,0.095,527.37,9.31,10.71,86.28,334.4
2025-08-08,North,36.28,25.62,0.142,0.071,535.51,9.88,10.85,88.41,340.8
2025-08-08,South,31.03,26.27,0.128,0.096,527.74,9.66,10.95,86.83,335.85
2025-08-08,East,28.41,26.22,0.1,0.08,530.18,9.9,10.71,85.6,329.92
2025-08-08,West,33.65,25.7,0.11,0.073,519.27,9.68,11.04,86.51,336.86
2025-08-08,Central,35.06,25.81,0.112,0.071,528.1,9.32,10.89,86.67,333.76
2025-08-09,North,35.11,25.46,0.154,0.071,536.73,9.76,11.02,88.37,340.23
2025-08-09,South,31.08,25.91,0.138,0.051,524.2,9.69,11.09,87.48,335.77
2025-08-09,East,29.03,26.27,0.144,0.053,528.44,9.55,10.98,85.58,329.89
2025-08-09,West,33.81,25.68,0.154,0.065,523.77,9.61,11.26,87.07,335.79
2025-08-09,Central,34.37,25.55,0.125,0.051,525.46,9.51,10.85,86.21,332.86
2025-08-10,North,36.42,25.18,0.151,0.058,534.98,9.64,11.0,87.98,339.77
2025-08-10,South,31.35,25.96,0.162,0.049,521.97,9.66,10.9,87.44,336.63
2025-08-10,East,29.97,26.25,0.136,0.005,529.68,9.56,10.68,85.76,329.84
2025-08-10,West,33.46,25.47,0.129,0.042,522.3,9.71,11.16,86.47,336.81
2025-08-10,Central,36.33,25.47,0.134,0.037,530.63,9.6,10.8,86.51,333.31
2025-08-11,North,33.96,25.43,0.139,0.067,534.46,9.93,11.03,87.36,341.4
2025-08-11,South,29.08,26.09,0.127,0.051,521.27,9.4,10.96,86.63,336.32
2025-08-11,East,27.36,26.38,0.103,0.04,528.63,9.48,11.0,85.14,330.85
2025-08-11,West,34.5,25.74,0.12,0.06,516.79,9.91,11.18,85.89,336.46
2025-08-11,Central,34.53,25.62,0.106,0.032,525.04,9.52,10.81,86.09,332.32
2025-08-12,North,35.16,25.5,0.148,0.062,536.24,10.01,10.93,87.18,343.06
2025-08-12,South,31.65,26.15,0.114,0.071,521.7,9.67,10.7,86.97,339.04
2025-08-12,East,29.37,26.22,0.107,0.041,527.53,9.58,11.05,85.49,331.01
2025-08-12,West,33.85,25.67,0.136,0.067,522.02,9.68,11.1,86.56,337.48
2025-08-12,Central,33.79,25.57,0.112,0.034,526.23,9.45,10.64,86.13,335.75
2025-08-13,North,34.06,25.43,0.159,0.066,534.18,9.97,10.91,87.44,340.51
2025-08-13,South,30.06,26.02,0.146,0.045,520.6,9.41,10.79,86.5,335.62
2025-08-13,East,26.21,26.39,0.116,0.044,527.46,9.71,10.83,85.69,329.68
2025-08-13,West,29.96,25.78,0.12,0.028,516.67,9.81,11.01,86.23,337.41
2025-08-13,Central,32.26,25.58,0.132,0.045,525.78,9.28,10.85,85.98,334.91
2025-08-14,North,33.18,25.3,0.143,0.065,531.62,9.9,10.95,87.51,340.37
2025-08-14,South,27.36,26.04,0.138,0.053,521.63,9.49,10.84,86.93,335.93
2025-08-14,East,24.86,26.34,0.107,0.041,528.39,9.85,10.57,85.55,328.61
2025-08-14,West,29.08,25.62,0.131,0.031,516.47,9.65,11.27,86.35,336.15
2025-08-14,Central,32.68,25.37,0.143,0.027,526.03,9.41,10.92,86.26,332.28
2025-08-15,North,33.66,25.24,0.195,0.078,534.04,10.02,11.17,87.42,340.53
2025-08-15,South,30.09,26.0,0.16,0.076,520.94,9.59,10.79,86.72,336.76
2025-08-15,East,26.51,26.22,0.109,0.049,530.03,9.61,10.66,85.29,330.37
2025-08-15,West,32.99,25.72,0.133,0.068,520.78,9.77,11.13,86.26,336.34
2025-08-15,Central,33.5,25.59,0.124,0.037,523.66,9.61,10.66,85.64,333.43
2025-08-16,North,33.27,25.36,0.131,0.071,533.92,10.08,10.95,87.11,341.6
2025-08-16,South,30.83,26.17,0.149,0.097,523.67,9.63,10.79,86.5,337.87
2025-08-16,East,28.26,26.12,0.112,0.056,524.94,9.75,10.91,84.88,331.17
2025-08-16,West,33.18,25.68,0.136,0.064,519.27,9.64,11.05,85.94,336.49
2025-08-16,Central,34.76,25.52,0.14,0.056,528.32,9.64,10.74,85.79,334.22
2025-08-17,North,32.75,25.23,0.156,0.059,536.17,10.04,11.11,87.1,341.54
2025-08-17,South,30.71,26.17,0.148,0.094,520.11,9.6,10.82,86.7,336.71
2025-08-17,East,26.97,26.18,0.089,0.059,526.81,9.67,10.95,84.86,330.29
2025-08-17,West,31.86,25.71,0.141,0.06,519.38,9.83,11.08,85.77,337.32
2025-08-17,Central,32.21,25.53,0.096,0.064,524.91,9.67,10.78,85.78,334.05
2025-08-18,North,34.91,25.41,0.139,0.062,534.8,9.72,11.06,87.52,341.34
2025-08-18,South,30.15,25.98,0.147,0.045,520.97,9.61,10.92,86.39,337.53
2025-08-18,East,27.91,26.23,0.101,0.034,524.53,9.75,10.63,85.04,329.86
2025-08-18,West,32.2,25.59,0.128,0.029,521.07,10.02,10.99,86.16,336.03
2025-08-18,Central,32.6,25.57,0.125,0.028,523.89,9.5,10.69,85.76,333.06
2025-08-19,North,34.19,25.12,0.103,0.094,529.11,9.66,10.93,87.15,341.72
2025-08-19,South,31.93,25.72,0.108,0.045,519.76,9.69,10.96,86.2,338.82
2025-08-19,East,27.4,25.91,0.065,0.065,524.96,9.8,10.72,85.16,330.6
2025-08-19,West,32.2,25.5,0.087,0.085,519.53,9.94,10.97,86.1,336.98
2025-08-19,Central,33.85,25.35,0.081,0.076,526.17,9.29,10.72,85.61,333.82
2025-08-20,North,34.58,24.89,0.115,0.085,533.33,9.96,10.8,86.9,340.81
2025-08-20,South,30.49,25.65,0.091,0.077,519.96,9.49,10.86,86.29,336.54
2025-08-20,East,26.32,25.82,0.065,0.041,527.46,9.58,10.7,85.09,330.5
2025-08-20,West,33.04,25.05,0.058,0.064,523.04,9.86,11.07,85.84,336.42
2025-08-20,Central,35.35,25.12,0.064,0.052,524.84,9.64,10.82,85.32,334.92
2025-08-21,North,34.91,24.72,0.06,0.071,531.25,10.09,10.9,87.02,341.97
2025-08-21,South,32.05,25.59,0.074,0.07,519.52,9.8,11.23,85.63,338.42
2025-08-21,East,28.75,25.72,0.027,0.039,529.12,9.94,10.61,85.18,330.74
2025-08-21,West,33.25,25.21,0.066,0.064,520.61,9.8,11.33,85.83,337.24
2025-08-21,Central,34.49,25.05,0.05,0.053,525.35,9.64,10.74,85.19,334.28
2025-08-22,North,34.83,24.83,0.061,0.065,533.13,9.91,11.0,87.01,340.84
2025-08-22,South,32.37,25.44,0.035,0.069,518.02,9.51,10.85,86.07,338.02
2025-08-22,East,26.16,25.58,0.02,0.021,527.15,9.72,10.93,84.52,330.95
2025-08-22,West,33.33,24.85,0.046,0.049,517.59,9.83,11.1,85.19,336.99
2025-08-22,Central,34.04,24.87,0.026,0.036,523.32,9.64,10.81,85.17,334.31
2025-08-23,North,33.69,24.74,0.071,0.052,531.9,9.99,10.77,87.09,340.29
2025-08-23,South,29.25,25.34,0.065,0.046,522.21,9.8,10.68,85.7,337.85
2025-08-23,East,26.27,25.64,0.045,0.045,526.09,9.69,10.53,84.88,330.14
2025-08-23,West,30.78,24.98,0.061,0.035,518.58,9.99,11.01,86.08,336.15
2025-08-23,Central,32.72,25.01,0.055,0.026,524.56,9.88,10.66,84.73,333.69
2025-08-24,North,33.81,24.72,0.078,0.095,530.14,10.1,10.94,86.75,342.14
2025-08-24,South,31.41,25.41,0.077,0.081,520.28,9.63,10.85,86.03,338.18
2025-08-24,East,25.17,25.47,0.035,0.052,525.63,9.72,10.84,84.71,332.26
2025-08-24,West,32.08,24.98,0.056,0.067,518.88,9.89,11.17,85.94,338.46
2025-08-24,Central,32.76,24.95,0.048,0.059,522.22,9.62,10.92,85.36,334.39
2025-08-25,North,30.71,24.89,0.079,0.114,532.74,10.12,10.85,86.86,341.13
2025-08-25,South,27.41,25.77,0.083,0.116,521.2,9.75,10.67,85.98,336.56
2025-08-25,East,25.61,26.02,0.03,0.099,523.07,9.49,11.0,84.33,328.44
2025-08-25,West,29.13,25.31,0.061,0.12,519.79,9.97,10.97,85.64,336.32
2025-08-25,Central,31.14,25.15,0.05,0.09,525.1,9.57,10.61,85.63,333.23
2025-08-26,North,30.27,24.74,0.059,0.144,528.06,10.06,10.99,87.08,340.57
2025-08-26,South,26.08,25.56,0.049,0.109,520.35,9.85,10.71,86.35,337.2
2025-08-26,East,23.32,25.72,0.02,0.099,525.13,9.64,10.87,84.69,329.64
2025-08-26,West,28.54,25.15,0.043,0.098,517.19,9.91,11.26,85.26,337.9
2025-08-26,Central,29.06,25.15,0.036,0.1,524.8,9.63,10.81,85.59,332.14
2025-08-27,North,33.41,24.77,0.062,0.086,530.56,9.96,10.9,86.78,340.49
2025-08-27,South,28.59,25.46,0.042,0.107,516.91,9.79,10.96,85.88,337.98
2025-08-27,East,26.72,25.87,0.022,0.101,520.6,10.11,10.76,84.64,329.72
2025-08-27,West,31.31,25.15,0.044,0.089,515.7,9.84,10.86,85.52,337.76
2025-08-27,Central,31.46,25.01,0.038,0.059,525.88,9.56,10.81,85.17,334.34
2025-08-28,North,31.99,24.82,0.079,0.119,529.53,9.95,11.05,86.89,341.33
2025-08-28,South,29.77,25.31,0.072,0.117,517.73,9.7,10.96,86.43,338.28
2025-08-28,East,27.09,25.67,0.046,0.1,522.81,9.82,10.71,84.96,331.09
2025-08-28,West,31.71,24.93,0.049,0.101,517.07,9.98,11.05,85.47,336.65
2025-08-28,Central,33.37,24.83,0.041,0.083,520.06,9.68,10.79,85.07,333.72
2025-08-29,North,30.75,24.47,0.055,0.094,530.43,10.11,10.76,86.87,339.61
2025-08-29,South,28.15,25.21,0.059,0.105,515.7,9.77,10.79,86.32,337.0
2025-08-29,East,24.32,25.4,0.022,0.103,528.19,9.8,10.62,84.88,328.53
2025-08-29,West,30.13,24.86,0.039,0.087,514.04,9.94,10.94,85.64,335.68
2025-08-29,Central,30.65,24.83,0.039,0.111,524.84,9.84,10.7,85.73,331.99
2025-08-30,North,29.73,24.7,0.056,0.093,527.91,10.11,11.03,86.88,339.11
2025-08-30,South,26.3,25.4,0.055,0.094,516.09,9.7,10.96,86.55,333.34
2025-08-30,East,22.14,25.4,-0.004,0.078,524.9,9.5,10.7,85.36,327.64
2025-08-30,West,28.04,24.93,0.047,0.101,516.38,10.07,10.85,86.05,333.81
2025-08-30,Central,29.03,24.82,0.042,0.103,524.68,9.72,10.85,85.64,330.7
2025-08-31,North,30.06,24.38,0.077,0.095,529.27,9.99,11.18,86.95,338.32
2025-08-31,South,27.85,24.86,0.047,0.122,516.69,9.66,10.9,85.9,334.81
2025-08-31,East,25.25,25.16,0.043,0.104,528.44,9.8,10.79,84.87,328.24
2025-08-31,West,27.2,24.65,0.044,0.1,516.91,10.19,10.87,85.7,331.79
2025-08-31,Central,30.04,24.57,0.044,0.094,520.29,9.53,10.77,85.23,330.11
2025-09-01,North,32.79,24.45,0.033,0.057,529.51,10.06,11.11,86.61,335.67
2025-09-01,South,29.13,25.05,0.035,0.092,517.71,9.77,11.14,85.94,333.16
2025-09-01,East,25.04,25.35,-0.016,0.07,519.87,10.01,10.58,84.5,326.14
2025-09-01,West,32.94,24.69,0.008,0.081,513.91,9.95,10.74,85.69,332.5
2025-09-01,Central,31.94,24.49,0.009,0.079,523.97,9.63,10.58,85.04,329.98
2025-09-02,North,33.76,24.69,0.023,0.08,530.7,9.94,10.86,86.69,338.64
2025-09-02,South,29.37,25.5,-0.003,0.081,518.09,9.75,10.78,85.75,332.6
2025-09-02,East,25.09,25.56,-0.01,0.104,521.31,9.92,10.62,84.15,326.65
2025-09-02,West,31.73,24.84,0.015,0.112,518.09,10.08,10.72,85.53,333.24
2025-09-02,Central,33.66,24.75,0.008,0.088,523.02,9.76,10.69,84.87,331.05
2025-09-03,North,35.28,24.43,0.035,0.104,530.93,10.11,10.73,86.83,338.69
2025-09-03,South,31.6,25.2,0.013,0.093,520.66,9.78,10.63,85.73,333.73
2025-09-03,East,27.58,25.39,-0.032,0.078,523.63,9.8,10.52,84.25,326.92
2025-09-03,West,31.57,24.8,-0.013,0.091,515.46,10.0,11.14,85.36,331.86
2025-09-03,Central,34.37,24.69,-0.017,0.075,523.04,9.66,10.55,84.77,331.59
2025-09-04,North,35.3,24.48,0.014,0.12,527.45,10.02,10.93,87.01,338.08
2025-09-04,South,33.72,25.22,0.002,0.103,518.5,9.87,10.77,85.91,333.91
2025-09-04,East,29.49,25.46,-0.047,0.077,524.55,9.93,10.56,84.49,328.14
2025-09-04,West,33.44,24.8,-0.016,0.116,513.02,10.01,11.03,85.63,333.72
2025-09-04,Central,33.49,24.99,-0.008,0.089,524.42,9.71,10.51,85.19,330.78
2025-09-05,North,35.77,24.59,0.017,0.096,528.21,10.14,10.53,87.02,338.64
2025-09-05,South,33.4,25.47,-0.014,0.077,521.18,9.74,10.67,85.48,333.28
2025-09-05,East,28.99,25.57,-0.023,0.072,521.75,10.0,10.73,84.0,327.02
2025-09-05,West,35.46,25.17,-0.02,0.083,515.88,9.93,10.85,85.11,333.63
2025-09-05,Central,33.52,25.08,-0.045,0.093,520.16,9.78,10.62,84.64,331.4
2025-09-06,North,34.83,24.69,-0.0,0.116,527.89,10.1,10.69,86.47,337.27
2025-09-06,South,28.99,25.26,-0.025,0.094,516.81,9.89,10.53,85.7,333.87
2025-09-06,East,26.97,25.53,-0.031,0.085,521.45,9.96,10.47,83.9,326.76
2025-09-06,West,31.92,24.91,-0.012,0.092,515.93,10.15,10.87,85.08,333.02
2025-09-06,Central,31.48,24.91,-0.017,0.088,522.92,9.77,10.67,85.12,330.84
2025-09-07,North,34.36,24.63,0.042,0.073,526.22,10.14,10.93,86.62,337.77
2025-09-07,South,30.79,25.31,0.029,0.086,515.69,9.99,10.48,85.63,334.65
2025-09-07,East,26.63,25.69,-0.007,0.041,522.32,9.88,10.58,84.88,327.63
2025-09-07,West,33.86,24.84,0.015,0.067,515.53,10.11,11.33,85.72,334.04
2025-09-07,Central,34.41,24.62,0.019,0.081,522.99,9.82,10.71,84.71,332.14
2025-09-08,North,35.68,24.35,0.029,0.085,530.06,10.15,10.67,86.42,338.02
2025-09-08,South,29.97,24.92,0.032,0.093,516.89,10.03,10.64,85.72,333.95
2025-09-08,East,27.32,25.13,0.001,0.062,523.36,9.95,10.53,84.56,327.4
2025-09-08,West,33.17,24.61,-0.011,0.056,514.37,10.13,10.91,85.49,333.01
2025-09-08,Central,35.21,24.49,-0.002,0.041,521.57,9.92,10.7,84.92,330.56
2025-09-09,North,35.97,24.43,0.035,0.061,529.21,10.12,10.72,86.34,338.92
2025-09-09,South,30.43,24.95,0.01,0.068,517.95,9.99,10.59,85.42,335.37
2025-09-09,East,28.72,25.27,-0.022,0.044,523.83,9.84,10.33,84.51,327.88
2025-09-09,West,33.54,24.73,-0.001,0.06,515.4,10.08,10.72,85.57,334.1
2025-09-09,Central,33.29,24.68,0.008,0.059,519.87,9.59,10.55,84.49,331.64
2025-09-10,North,34.21,24.42,0.055,0.065,528.61,10.4,10.69,86.91,338.28
2025-09-10,South,29.64,25.08,0.049,0.047,517.6,9.69,10.75,85.93,334.52
2025-09-10,East,27.32,25.38,0.024,0.037,521.8,10.0,10.43,84.01,327.4
2025-09-10,West,31.04,24.54,0.03,0.067,513.02,10.16,10.6,85.44,334.06
2025-09-10,Central,32.8,24.47,0.017,0.039,520.93,9.89,10.51,84.69,330.53
2025-09-11,North,33.82,24.12,0.039,0.066,527.93,9.99,10.8,86.68,337.94
2025-09-11,South,30.12,24.89,0.031,0.072,516.91,9.95,10.61,85.67,333.22
2025-09-11,East,28.15,25.24,0.018,0.046,522.91,9.94,10.58,84.87,328.22
2025-09-11,West,33.26,24.54,0.03,0.063,516.11,10.02,10.62,85.48,332.99
2025-09-11,Central,33.2,24.37,0.03,0.056,518.49,9.66,10.48,84.89,330.21
2025-09-12,North,33.56,24.27,0.058,0.07,525.81,10.21,10.73,87.0,338.66
2025-09-12,South,30.07,25.01,0.049,0.043,522.01,9.99,10.58,85.96,334.61
2025-09-12,East,28.1,25.11,0.026,0.025,521.64,10.07,10.52,84.82,326.69
2025-09-12,West,31.96,24.57,0.048,0.025,516.09,10.34,10.91,85.31,333.89
2025-09-12,Central,34.43,24.34,0.064,0.044,519.6,9.78,10.52,84.96,330.47
2025-09-13,North,33.15,24.18,0.072,0.056,529.41,10.2,10.7,86.77,336.58
2025-09-13,South,31.4,24.98,0.064,0.042,514.01,9.67,10.5,85.58,333.04
2025-09-13,East,26.61,25.0,0.004,0.006,521.12,9.97,10.59,84.44,325.06
2025-09-13,West,33.07,24.47,0.021,0.047,515.86,10.3,10.82,85.31,332.37
2025-09-13,Central,34.39,24.35,0.026,0.032,522.31,9.86,10.47,85.13,329.24
2025-09-14,North,34.25,23.96,0.079,0.076,526.13,10.16,10.73,86.87,338.69
2025-09-14,South,29.77,24.82,0.098,0.074,515.77,10.06,10.57,86.24,333.86
2025-09-14,East,28.4,25.0,0.057,0.042,522.06,9.91,10.5,84.71,327.62
2025-09-14,West,32.55,24.51,0.069,0.065,513.66,10.03,10.93,85.44,333.16
2025-09-14,Central,34.61,24.31,0.052,0.048,520.26,9.94,10.5,85.03,330.19
2025-09-15,North,34.87,24.14,0.098,0.057,526.77,10.12,10.61,87.16,337.64
2025-09-15,South,29.63,25.0,0.075,0.056,517.18,9.94,10.55,86.26,334.53
2025-09-15,East,27.28,25.12,0.057,0.021,519.12,10.17,10.36,84.68,327.51
2025-09-15,West,33.43,24.51,0.069,0.068,514.17,10.28,10.73,85.57,333.54
2025-09-15,Central,33.49,24.43,0.055,0.065,520.35,9.6,10.44,85.49,329.42
2025-09-16,North,34.32,24.0,0.093,0.064,525.39,10.18,10.43,86.62,337.3
2025-09-16,South,28.83,24.93,0.085,0.07,517.08,9.97,10.54,86.72,334.17
2025-09-16,East,25.49,24.84,0.042,0.039,519.37,10.01,10.38,85.13,326.91
2025-09-16,West,31.69,24.41,0.079,0.023,511.18,9.99,10.86,85.58,333.28
2025-09-16,Central,34.33,24.25,0.055,0.039,521.68,9.91,10.4,85.35,331.57
2025-09-17,North,36.13,23.98,0.073,0.062,529.77,10.38,10.81,87.69,339.63
2025-09-17,South,32.53,24.9,0.081,0.011,516.12,9.88,10.52,86.33,335.81
2025-09-17,East,28.39,25.04,0.063,-0.004,527.75,10.31,10.35,85.2,328.75
2025-09-17,West,33.47,24.48,0.058,0.043,512.94,10.2,10.62,86.2,335.63
2025-09-17,Central,36.06,24.34,0.059,0.043,521.58,9.72,10.44,85.43,333.81
2025-09-18,North,37.81,23.96,0.058,0.092,528.78,10.24,10.72,87.34,342.07
2025-09-18,South,32.12,24.72,0.051,0.045,518.89,10.15,10.32,86.42,337.36
2025-09-18,East,30.58,24.88,0.03,0.024,520.86,9.94,10.14,84.65,331.1
2025-09-18,West,35.21,24.22,0.051,0.064,514.2,10.29,10.75,85.31,338.47
2025-09-18,Central,35.9,24.33,0.031,0.061,518.22,9.78,10.31,85.51,335.3
2025-09-19,North,35.35,24.12,0.066,0.084,526.28,10.24,10.48,87.44,340.67
2025-09-19,South,32.12,24.68,0.079,0.085,516.02,9.9,10.32,86.22,337.17
2025-09-19,East,29.1,24.86,0.021,0.071,523.65,9.9,10.35,85.29,330.66
2025-09-19,West,34.13,24.22,0.042,0.087,515.52,10.45,10.62,85.91,336.53
2025-09-19,Central,33.81,24.18,0.051,0.074,519.64,10.03,10.51,85.89,333.19
2025-09-20,North,37.02,24.27,0.076,0.095,529.87,10.22,10.55,86.97,341.94
2025-09-20,South,31.23,24.79,0.048,0.13,513.64,10.14,10.31,85.67,337.96
2025-09-20,East,28.46,25.32,0.055,0.107,519.37,9.93,10.21,85.15,329.49
2025-09-20,West,34.25,24.55,0.05,0.087,514.15,10.24,10.8,85.72,337.09
2025-09-20,Central,34.27,24.46,0.063,0.078,520.46,9.9,10.31,85.87,334.23
2025-09-21,North,33.86,24.29,0.084,0.12,526.45,10.48,10.38,86.96,340.36
2025-09-21,South,29.11,25.02,0.056,0.117,515.69,10.04,10.26,86.4,336.42
2025-09-21,East,27.4,25.36,0.029,0.103,521.15,10.22,10.37,84.81,328.97
2025-09-21,West,31.14,24.6,0.07,0.09,516.77,10.12,10.71,86.22,334.41
2025-09-21,Central,35.23,24.54,0.043,0.111,519.98,10.05,10.43,85.48,333.28
2025-09-22,North,31.62,24.32,0.069,0.118,529.93,10.59,10.39,87.22,339.55
2025-09-22,South,27.5,25.16,0.056,0.094,519.36,10.15,10.28,86.89,335.1
2025-09-22,East,23.75,25.26,0.029,0.093,520.97,10.05,10.13,85.01,329.75
2025-09-22,West,29.95,24.68,0.02,0.13,509.47,10.4,10.62,85.85,334.99
2025-09-22,Central,32.72,24.61,0.043,0.115,516.39,9.88,10.18,85.55,332.98
2025-09-23,North,34.3,24.31,0.063,0.103,531.49,10.3,10.36,87.31,341.2
2025-09-23,South,30.06,24.86,0.041,0.089,515.28,9.99,10.49,86.37,336.12
2025-09-23,East,28.96,25.27,0.032,0.081,523.45,10.43,10.19,85.05,329.62
2025-09-23,West,33.97,24.54,0.035,0.09,514.18,10.42,10.19,85.99,335.92
2025-09-23,Central,31.75,24.37,0.031,0.088,520.29,9.84,10.01,85.26,332.99
2025-09-24,North,31.74,24.01,0.083,0.062,525.92,10.37,10.39,87.72,339.52
2025-09-24,South,27.28,24.83,0.061,0.107,516.34,10.27,10.32,86.36,336.52
2025-09-24,East,25.9,25.05,0.034,0.083,519.81,10.07,10.2,85.01,328.65
2025-09-24,West,28.51,24.4,0.045,0.082,513.28,10.14,10.41,86.22,334.91
2025-09-24,Central,29.81,24.36,0.04,0.086,516.72,9.93,10.01,85.92,333.69
2025-09-25,North,33.03,24.24,0.082,0.127,524.78,10.41,10.38,87.56,339.98
2025-09-25,South,28.25,24.87,0.063,0.119,516.21,10.1,10.4,86.81,335.87
2025-09-25,East,27.75,25.12,0.036,0.106,520.79,10.09,10.18,85.66,328.95
2025-09-25,West,30.81,24.55,0.056,0.119,514.84,10.21,10.33,86.79,335.42
2025-09-25,Central,31.72,24.51,0.054,0.09,517.29,9.95,10.39,86.01,333.43
2025-09-26,North,33.6,24.33,0.075,0.138,530.18,10.46,10.5,87.73,340.74
2025-09-26,South,28.46,24.9,0.042,0.135,517.19,10.0,10.28,87.01,336.69
2025-09-26,East,26.38,25.09,0.024,0.113,521.01,10.16,10.13,85.73,329.68
2025-09-26,West,31.03,24.5,0.059,0.142,514.59,10.5,10.63,86.52,335.19
2025-09-26,Central,31.82,24.34,0.033,0.11,517.22,9.97,10.09,85.63,333.56
2025-09-27,North,32.97,24.24,0.031,0.12,528.17,10.58,10.6,87.75,340.07
2025-09-27,South,27.9,24.89,0.034,0.128,517.63,10.11,10.05,86.47,335.9
2025-09-27,East,25.21,25.05,0.021,0.105,517.31,10.47,9.84,85.41,328.5
2025-09-27,West,29.27,24.49,0.038,0.109,515.71,10.04,10.41,86.65,334.35
2025-09-27,Central,31.68,24.38,0.024,0.103,520.72,10.07,10.17,85.97,332.03
2025-09-28,North,32.44,24.19,0.068,0.149,525.84,10.35,10.37,87.91,340.17
2025-09-28,South,29.72,24.9,0.036,0.109,512.52,9.94,10.1,86.9,336.8
2025-09-28,East,26.5,25.1,0.012,0.131,518.88,10.21,10.15,85.46,329.4
2025-09-28,West,30.78,24.33,0.049,0.116,518.12,10.51,10.24,86.43,336.52
2025-09-28,Central,30.75,24.34,0.034,0.128,522.24,10.1,10.26,86.38,332.1
2025-09-29,North,33.71,24.21,0.092,0.115,526.78,10.33,10.38,88.21,340.81
2025-09-29,South,29.49,24.83,0.057,0.129,514.99,9.91,10.55,87.02,336.14
2025-09-29,East,27.4,24.97,0.022,0.092,522.12,10.15,9.95,85.58,329.59
2025-09-29,West,31.66,24.4,0.056,0.101,514.84,10.29,10.37,86.41,334.81
2025-09-29,Central,33.86,24.35,0.046,0.089,516.6,10.16,10.14,86.12,333.8
2025-09-30,North,32.61,24.0,0.101,0.119,529.81,10.56,10.28,88.01,341.17
2025-09-30,South,28.44,24.6,0.071,0.092,514.61,10.15,10.12,87.33,337.22
2025-09-30,East,24.17,24.89,0.053,0.089,520.59,10.36,10.18,85.46,330.43
2025-09-30,West,29.27,24.23,0.068,0.084,515.95,10.45,10.43,86.55,335.74
2025-09-30,Central,32.08,24.12,0.07,0.09,517.59,10.02,10.11,86.51,333.27
2025-10-01,North,32.17,23.95,0.057,0.114,522.46,10.62,10.29,87.68,340.84
2025-10-01,South,31.34,24.67,0.05,0.094,515.67,10.28,10.26,87.05,338.09
2025-10-01,East,25.55,24.89,0.035,0.101,520.47,10.5,10.16,85.62,330.99
2025-10-01,West,31.0,24.26,0.057,0.088,519.18,10.42,10.18,86.89,337.05
2025-10-01,Central,34.28,23.95,0.06,0.096,520.55,10.14,10.11,86.06,335.05
2025-10-02,North,33.61,24.01,0.043,0.111,527.48,10.59,10.28,87.19,341.9
2025-10-02,South,28.84,24.79,0.045,0.091,517.07,10.18,9.91,86.67,337.66
2025-10-02,East,28.76,24.96,0.016,0.059,524.18,10.43,9.92,85.81,330.86
2025-10-02,West,31.9,24.25,0.03,0.072,513.97,10.48,10.31,86.29,337.17
2025-10-02,Central,31.82,24.21,0.028,0.082,523.0,10.21,10.12,85.72,334.53
2025-10-03,North,30.12,23.94,0.03,0.075,529.45,10.66,10.1,87.47,339.32
2025-10-03,South,26.93,24.43,0.022,0.079,517.48,10.24,10.01,86.87,336.0
2025-10-03,East,24.34,24.73,0.006,0.075,519.62,10.32,10.08,85.5,329.58
2025-10-03,West,30.15,24.24,0.018,0.063,511.11,10.44,10.37,86.13,336.81
2025-10-03,Central,29.0,24.04,0.013,0.068,518.99,10.21,10.17,86.15,332.82
2025-10-04,North,31.96,23.72,0.032,0.05,526.27,10.71,10.28,87.95,339.14
2025-10-04,South,26.47,24.58,0.023,0.062,516.08,10.26,10.14,87.11,334.79
2025-10-04,East,23.22,24.73,0.007,0.043,520.72,10.1,10.05,85.7,327.3
2025-10-04,West,30.67,24.19,-0.001,0.063,512.44,10.29,10.24,86.72,333.43
2025-10-04,Central,29.07,24.05,0.007,0.034,518.39,10.24,9.89,86.13,331.16
2025-10-05,North,32.65,23.8,0.056,0.032,526.79,10.63,9.99,87.46,339.97
2025-10-05,South,27.94,24.6,0.046,0.027,517.85,10.16,10.02,86.63,335.54
2025-10-05,East,26.94,24.73,0.011,0.025,526.2,10.25,10.01,85.6,329.78
2025-10-05,West,32.48,24.03,0.033,0.022,514.66,10.46,10.14,86.37,336.25
2025-10-05,Central,33.0,23.88,0.034,0.019,518.87,10.14,9.83,85.9,333.74
2025-10-06,North,35.93,23.8,0.02,0.041,525.26,10.53,9.8,87.4,339.69
2025-10-06,South,31.44,24.45,0.013,0.039,515.28,10.42,10.19,86.61,336.33
2025-10-06,East,29.28,24.83,-0.019,0.02,521.82,10.29,10.16,85.47,327.95
2025-10-06,West,33.97,24.14,0.014,0.024,511.86,10.58,10.44,86.04,334.89
2025-10-06,Central,34.5,24.1,0.008,0.02,517.76,10.09,9.92,85.75,331.47
2025-10-07,North,34.55,23.8,0.011,0.052,525.88,10.58,10.05,87.24,338.99
2025-10-07,South,32.07,24.47,-0.004,0.056,517.34,10.25,10.15,86.81,335.57
2025-10-07,East,29.93,24.72,-0.029,0.037,520.04,10.35,10.01,85.24,328.55
2025-10-07,West,33.7,24.16,-0.007,0.022,513.68,10.28,10.14,86.21,334.62
2025-10-07,Central,35.93,23.97,-0.022,0.015,521.6,10.24,9.73,86.1,331.66
2025-10-08,North,33.07,23.9,-0.025,0.028,525.97,10.45,10.04,87.67,336.85
2025-10-08,South,30.73,24.66,-0.001,0.031,517.37,10.38,10.03,86.2,333.19
2025-10-08,East,26.73,24.94,-0.062,0.01,522.56,10.44,9.88,84.86,326.9
2025-10-08,West,32.72,24.18,-0.025,0.017,511.76,10.62,10.21,85.85,333.94
2025-10-08,Central,32.63,24.19,-0.028,0.028,520.63,10.21,9.74,85.5,329.96
2025-10-09,North,34.94,23.89,-0.005,0.056,530.64,10.46,10.07,87.33,338.89
2025-10-09,South,32.39,24.67,-0.024,0.055,517.53,10.4,9.83,86.46,333.93
2025-10-09,East,27.69,25.01,-0.033,0.026,521.0,10.39,9.84,85.52,327.81
2025-10-09,West,32.27,24.31,-0.021,0.05,516.67,10.51,10.13,86.69,333.29
2025-10-09,Central,32.27,24.31,-0.036,0.054,519.74,10.19,9.63,85.84,331.23
2025-10-10,North,36.07,23.9,0.002,0.058,527.69,10.67,10.13,88.0,338.89
2025-10-10,South,30.5,24.62,-0.002,0.033,513.55,10.34,10.0,86.69,335.34
2025-10-10,East,29.66,24.79,-0.02,0.015,525.42,10.52,9.9,85.72,328.66
2025-10-10,West,34.41,24.23,-0.011,0.059,516.08,10.28,10.1,86.61,334.29
2025-10-10,Central,36.11,24.19,-0.023,0.049,519.83,10.02,9.73,85.99,332.49
2025-10-11,North,36.22,23.96,0.01,0.078,531.83,10.64,10.18,87.87,338.01
2025-10-11,South,32.43,24.77,0.008,0.098,517.02,10.37,9.87,87.16,334.7
2025-10-11,East,29.55,24.93,-0.044,0.08,521.81,10.61,9.71,85.72,327.72
2025-10-11,West,34.61,24.26,0.003,0.088,513.7,10.45,10.2,86.43,334.53
2025-10-11,Central,34.88,24.18,-0.046,0.07,521.97,10.08,9.84,86.44,330.84
2025-10-12,North,37.74,23.94,0.031,0.091,527.18,10.74,9.78,88.11,339.96
2025-10-12,South,32.23,24.55,0.035,0.084,513.66,10.31,9.68,87.02,335.04
2025-10-12,East,29.96,24.86,0.005,0.065,517.89,10.51,9.8,85.72,329.0
2025-10-12,West,34.15,24.28,0.012,0.092,514.86,10.38,10.14,86.63,334.48
2025-10-12,Central,36.23,24.03,-0.007,0.079,522.4,10.26,9.67,86.18,332.02
2025-10-13,North,36.39,23.88,-0.001,0.082,529.92,10.65,10.04,87.78,338.8
2025-10-13,South,33.22,24.5,0.005,0.074,517.62,10.24,9.91,86.48,335.21
2025-10-13,East,29.39,24.87,-0.041,0.066,520.13,10.51,9.68,85.71,327.56
2025-10-13,West,33.92,23.93,-0.019,0.087,514.29,10.47,10.11,85.79,334.98
2025-10-13,Central,35.41,24.1,-0.021,0.063,519.51,10.32,9.76,86.11,331.58
2025-10-14,North,36.04,23.88,0.008,0.069,524.46,10.71,9.91,87.52,339.85
2025-10-14,South,32.31,24.52,0.019,0.095,516.55,10.34,9.63,86.7,336.8
2025-10-14,East,30.16,24.82,-0.039,0.063,518.39,10.21,9.64,86.06,328.55
2025-10-14,West,33.92,24.31,0.012,0.082,517.5,10.51,10.08,86.67,336.73
2025-10-14,Central,35.02,24.18,0.01,0.094,518.58,10.3,9.7,85.82,332.83
2025-10-15,North,34.79,23.62,0.014,0.065,527.52,10.63,9.72,87.46,339.76
2025-10-15,South,31.49,24.56,-0.0,0.048,516.33,10.11,9.85,87.07,336.36
2025-10-15,East,26.7,24.79,-0.033,0.043,520.54,10.34,9.66,85.84,328.77
2025-10-15,West,32.0,24.23,0.008,0.06,515.75,10.57,9.73,86.83,334.92
2025-10-15,Central,35.58,23.98,-0.015,0.046,517.99,10.2,9.53,85.98,332.48
2025-10-16,North,29.87,24.03,0.017,0.07,529.85,10.77,9.68,87.99,338.81
2025-10-16,South,27.2,24.75,0.019,0.089,520.57,10.34,9.97,87.15,333.68
2025-10-16,East,24.66,24.88,-0.007,0.063,521.02,10.39,9.78,85.89,327.47
2025-10-16,West,30.77,24.32,0.016,0.083,514.74,10.44,9.95,86.73,333.24
2025-10-16,Central,30.57,24.24,-0.014,0.086,520.93,10.3,9.84,86.2,330.49
2025-10-17,North,32.52,23.88,0.008,0.11,526.2,10.72,9.86,88.02,338.43
2025-10-17,South,28.38,24.63,-0.009,0.087,516.2,10.03,9.72,87.65,332.87
2025-10-17,East,24.33,24.85,-0.031,0.066,521.23,10.66,9.82,85.89,326.84
2025-10-17,West,29.32,24.19,-0.027,0.07,515.83,10.66,10.11,86.71,333.92
2025-10-17,Central,32.67,23.98,-0.026,0.049,519.92,10.5,9.61,86.32,330.07
2025-10-18,North,33.42,23.88,0.008,0.095,527.43,10.73,9.94,88.18,338.81
2025-10-18,South,29.6,24.51,0.0,0.096,518.81,10.14,9.85,87.78,335.2
2025-10-18,East,25.0,24.77,-0.044,0.073,524.04,10.59,9.57,85.78,328.14
2025-10-18,West,30.11,24.16,-0.016,0.076,518.49,10.66,9.91,86.64,334.5
2025-10-18,Central,32.65,24.14,-0.031,0.079,516.9,10.13,9.69,86.21,332.01
2025-10-19,North,33.35,23.75,0.011,0.111,533.56,10.6,9.71,88.66,340.02
2025-10-19,South,28.05,24.56,-0.011,0.104,514.86,10.6,9.86,87.18,337.02
2025-10-19,East,25.88,24.74,-0.03,0.055,519.69,10.63,9.68,86.35,329.44
2025-10-19,West,30.13,24.0,-0.019,0.081,515.67,10.78,10.03,87.22,335.56
2025-10-19,Central,30.81,23.96,-0.014,0.082,521.94,10.26,9.85,86.93,332.0
2025-10-20,North,29.48,23.78,0.019,0.116,527.27,10.71,9.74,88.36,338.41
2025-10-20,South,25.94,24.53,0.015,0.116,519.53,10.41,9.91,87.65,334.67
2025-10-20,East,23.86,24.63,-0.006,0.108,522.03,10.45,9.69,86.15,328.22
2025-10-20,West,29.82,23.97,-0.008,0.122,515.52,10.58,9.85,87.1,334.62
2025-10-20,Central,30.79,23.9,-0.004,0.111,518.87,10.47,9.78,86.71,333.09
2025-10-21,North,32.79,23.87,-0.001,0.103,531.39,10.72,9.71,87.89,339.69
2025-10-21,South,29.74,24.53,0.01,0.067,520.87,10.37,9.87,87.71,336.2
2025-10-21,East,23.92,24.95,-0.048,0.098,522.82,10.64,9.58,86.31,327.55
2025-10-21,West,32.19,24.37,-0.035,0.117,512.12,10.73,9.81,87.0,334.26
2025-10-21,Central,30.8,24.14,-0.03,0.098,517.18,10.43,9.58,86.16,332.63
2025-10-22,North,34.97,23.95,0.008,0.1,528.66,10.84,9.77,88.46,341.14
2025-10-22,South,30.52,24.66,0.001,0.116,519.92,10.36,9.67,87.28,337.33
2025-10-22,East,27.12,24.94,-0.04,0.07,521.92,10.64,9.53,86.12,329.75
2025-10-22,West,31.49,24.15,-0.02,0.08,516.55,10.63,9.99,87.1,336.16
2025-10-22,Central,33.82,24.16,-0.006,0.073,522.06,10.49,9.66,86.8,333.06
2025-10-23,North,34.95,24.26,-0.025,0.113,525.82,10.86,9.82,88.49,339.45
2025-10-23,South,30.87,24.93,-0.001,0.108,516.75,10.49,9.89,87.68,336.4
2025-10-23,East,27.55,25.1,-0.036,0.09,521.86,10.38,9.4,86.45,327.95
2025-10-23,West,32.52,24.65,-0.027,0.118,514.65,10.76,9.77,86.91,335.81
2025-10-23,Central,34.07,24.46,-0.026,0.099,524.07,10.39,9.66,86.9,332.44
2025-10-24,North,32.99,24.51,-0.0,0.145,530.07,10.78,9.99,88.25,338.79
2025-10-24,South,30.26,25.12,-0.019,0.126,516.99,10.32,9.72,87.83,334.6
2025-10-24,East,26.1,25.46,-0.047,0.127,523.13,10.41,9.63,86.48,329.6
2025-10-24,West,33.62,24.84,-0.031,0.116,518.65,10.74,10.09,87.65,335.49
2025-10-24,Central,32.53,24.73,-0.042,0.105,519.95,10.4,9.56,86.93,330.76
2025-10-25,North,35.84,24.37,0.004,0.165,525.99,10.73,9.72,88.78,340.53
2025-10-25,South,29.99,24.97,-0.015,0.184,517.35,10.48,9.82,87.98,336.73
2025-10-25,East,27.07,25.31,-0.04,0.16,525.15,10.44,9.49,86.53,328.76
2025-10-25,West,32.63,24.68,-0.007,0.155,517.54,10.83,9.83,87.37,335.8
2025-10-25,Central,33.8,24.66,-0.026,0.154,522.27,10.22,9.39,87.21,333.47
2025-10-26,North,37.54,24.44,0.011,0.155,528.94,11.04,9.64,89.12,342.43
2025-10-26,South,32.83,25.0,0.005,0.185,516.98,10.63,9.62,88.02,336.91
2025-10-26,East,30.66,25.27,0.004,0.154,523.82,10.67,9.39,86.69,330.8
2025-10-26,West,34.84,24.56,0.005,0.174,517.54,10.79,9.94,87.64,337.28
2025-10-26,Central,36.83,24.45,0.012,0.184,521.92,10.37,9.42,86.99,333.94
2025-10-27,North,35.37,24.28,0.047,0.221,529.56,10.88,9.81,88.87,341.78
2025-10-27,South,32.46,24.96,0.005,0.22,518.63,10.5,9.76,88.7,337.75
2025-10-27,East,26.74,25.04,-0.017,0.214,523.03,10.67,9.77,87.03,330.63
2025-10-27,West,33.75,24.39,0.01,0.223,513.94,10.73,9.9,87.38,337.36
2025-10-27,Central,33.45,24.49,0.005,0.208,521.64,10.55,9.45,87.07,334.22
2025-10-28,North,35.27,24.14,0.042,0.207,530.55,10.84,9.91,89.38,342.19
2025-10-28,South,30.64,24.8,0.026,0.214,520.56,10.37,9.56,88.66,337.3
2025-10-28,East,28.92,24.94,0.003,0.198,524.82,10.61,9.53,87.09,330.95
2025-10-28,West,32.17,24.38,0.013,0.201,512.87,10.82,9.86,88.16,336.26
2025-10-28,Central,34.8,24.23,-0.004,0.2,521.11,10.63,9.52,87.48,334.8
2025-10-29,North,32.94,23.98,0.048,0.245,531.15,10.76,9.68,89.5,341.16
2025-10-29,South,28.44,24.79,0.032,0.233,519.98,10.67,9.67,88.49,339.02
2025-10-29,East,25.57,24.95,0.028,0.221,527.83,10.85,9.46,87.13,330.88
2025-10-29,West,31.43,24.16,0.049,0.228,517.73,10.85,9.99,88.23,337.25
2025-10-29,Central,33.84,24.2,0.023,0.245,521.11,10.36,9.56,87.82,333.86
2025-10-30,North,30.76,23.99,0.051,0.2,530.53,10.94,9.82,89.16,342.9
2025-10-30,South,28.64,24.55,0.004,0.218,521.55,10.54,9.61,88.83,338.68
2025-10-30,East,24.32,24.71,-0.011,0.198,522.99,10.68,9.62,87.25,331.01
2025-10-30,West,31.52,24.28,0.016,0.201,516.59,10.72,9.84,87.73,338.38
2025-10-30,Central,32.23,24.12,-0.011,0.188,522.64,10.63,9.48,87.77,334.92
2025-10-31,North,31.44,23.84,0.03,0.231,528.37,10.97,9.69,89.6,342.2
2025-10-31,South,28.31,24.6,0.018,0.211,517.73,10.63,9.48,88.3,338.82
2025-10-31,East,25.42,24.81,-0.0,0.212,522.17,10.9,9.69,87.16,332.28
2025-10-31,West,29.82,24.13,0.032,0.197,516.34,10.84,9.98,88.44,337.76
2025-10-31,Central,30.91,23.97,0.027,0.215,527.76,10.56,9.69,87.85,335.07
2025-11-01,North,33.1,24.04,0.06,0.179,529.07,10.94,9.66,89.07,343.6
2025-11-01,South,29.58,24.59,0.042,0.162,517.65,10.58,9.43,88.36,340.61
2025-11-01,East,26.83,24.8,0.01,0.171,525.06,10.76,9.63,87.41,333.9
2025-11-01,West,31.77,24.01,0.023,0.183,516.54,10.7,9.82,88.15,339.91
2025-11-01,Central,34.37,24.05,0.024,0.144,521.46,10.44,9.56,87.81,336.64
2025-11-02,North,38.52,23.57,0.055,0.133,527.19,10.94,9.61,89.48,344.67
2025-11-02,South,32.22,24.43,0.041,0.154,522.15,10.65,9.59,88.67,341.37
2025-11-02,East,29.16,24.53,0.015,0.138,523.25,10.47,9.44,87.21,334.74
2025-11-02,West,34.77,24.04,0.025,0.148,516.48,10.88,9.83,88.3,340.23
2025-11-02,Central,34.53,23.98,0.026,0.152,522.71,10.5,9.45,87.98,336.2
2025-11-03,North,37.27,23.98,0.03,0.178,531.5,10.8,9.8,89.13,344.42
2025-11-03,South,33.45,24.71,0.028,0.179,519.74,10.73,9.67,88.13,340.78
2025-11-03,East,31.16,24.75,-0.02,0.156,527.42,10.58,9.48,87.27,333.78
2025-11-03,West,34.71,24.2,0.005,0.157,516.39,10.64,9.94,87.88,339.91
2025-11-03,Central,35.52,24.05,-0.003,0.152,520.85,10.61,9.25,87.42,336.92
2025-11-04,North,35.65,23.88,0.053,0.141,533.47,10.78,9.58,89.03,344.59
2025-11-04,South,30.66,24.52,0.029,0.131,516.94,10.55,9.77,88.35,339.94
2025-11-04,East,27.4,24.69,-0.005,0.119,522.33,10.84,9.69,87.21,332.98
2025-11-04,West,34.26,24.11,0.034,0.157,515.47,10.85,9.76,87.81,339.08
2025-11-04,Central,35.96,23.89,0.028,0.12,519.25,10.54,9.45,87.11,338.77
2025-11-05,North,38.17,24.29,0.045,0.165,532.52,10.84,9.73,89.75,345.71
2025-11-05,South,33.48,24.95,0.03,0.163,518.44,10.61,9.55,88.5,340.13
2025-11-05,East,33.54,25.09,-0.003,0.13,525.61,10.8,9.21,87.19,334.6
2025-11-05,West,38.87,24.36,0.015,0.15,516.35,10.86,9.81,88.23,340.7
2025-11-05,Central,38.08,24.28,0.001,0.167,523.65,10.59,9.39,87.66,337.42
2025-11-06,North,38.44,24.16,0.03,0.198,534.06,11.09,9.66,89.17,344.6
2025-11-06,South,33.96,24.89,0.02,0.174,520.3,10.49,9.48,88.45,341.41
2025-11-06,East,28.97,25.13,-0.025,0.174,525.48,10.83,9.38,87.08,333.56
2025-11-06,West,34.71,24.23,-0.0,0.164,516.33,10.75,9.72,88.14,338.49
2025-11-06,Central,35.91,24.27,-0.015,0.183,521.05,10.61,9.36,87.89,336.96
2025-11-07,North,36.1,24.1,0.046,0.184,530.15,10.99,9.58,89.66,345.47
2025-11-07,South,32.43,24.87,0.015,0.173,521.63,10.77,9.5,88.09,341.68
2025-11-07,East,30.02,25.03,-0.024,0.162,525.07,10.71,9.62,87.07,335.25
2025-11-07,West,33.13,24.65,0.002,0.166,518.03,11.0,9.88,87.99,339.93
2025-11-07,Central,35.46,24.35,-0.01,0.148,521.98,10.51,9.4,87.23,337.76
2025-11-08,North,33.25,23.94,0.031,0.166,531.35,11.15,9.68,89.37,343.71
2025-11-08,South,28.66,24.75,0.031,0.151,519.98,10.62,9.5,88.57,339.88
2025-11-08,East,25.63,25.01,-0.011,0.152,530.01,10.84,9.41,87.43,332.79
2025-11-08,West,30.38,24.34,0.033,0.143,520.61,10.94,9.92,88.35,337.46
2025-11-08,Central,32.25,24.13,0.03,0.142,520.94,10.67,9.64,87.53,336.13
2025-11-09,North,34.11,24.41,0.025,0.144,532.25,10.95,9.57,89.56,344.79
2025-11-09,South,31.31,25.09,0.033,0.139,522.35,10.78,9.45,88.7,340.5
2025-11-09,East,29.11,25.21,-0.003,0.151,523.69,10.69,9.42,87.02,334.0
2025-11-09,West,32.99,24.55,0.012,0.15,518.91,10.93,9.7,87.69,340.45
2025-11-09,Central,34.51,24.41,0.005,0.169,518.56,10.51,9.49,87.24,337.37
2025-11-10,North,36.44,24.29,0.027,0.152,532.68,10.88,9.65,89.38,344.76
2025-11-10,South,32.96,25.2,0.0,0.139,519.07,10.46,9.47,88.35,342.63
2025-11-10,East,29.48,25.28,-0.01,0.119,526.67,10.71,9.31,87.06,333.74
2025-11-10,West,34.37,24.77,0.002,0.14,517.89,10.54,9.68,88.17,341.18
2025-11-10,Central,34.89,24.53,0.004,0.11,523.45,10.63,9.61,87.52,337.09
2025-11-11,North,41.81,24.4,0.033,0.162,532.26,10.91,9.51,89.15,347.06
2025-11-11,South,36.31,25.06,0.008,0.139,521.17,10.78,9.5,88.54,342.05
2025-11-11,East,32.63,25.4,-0.008,0.129,526.08,10.95,9.51,87.16,335.09
2025-11-11,West,39.04,24.96,-0.0,0.144,521.78,10.97,9.74,87.9,342.14
2025-11-11,Central,38.32,24.59,-0.005,0.138,527.02,10.55,9.39,87.93,338.44
2025-11-12,North,38.49,24.09,0.057,0.165,533.28,11.01,9.42,89.38,346.47
2025-11-12,South,33.34,25.0,0.052,0.149,521.11,10.9,9.44,88.58,342.38
2025-11-12,East,29.51,25.15,0.004,0.145,525.95,10.79,9.5,87.17,334.99
2025-11-12,West,34.77,24.82,0.029,0.142,516.52,10.85,9.61,88.21,341.95
2025-11-12,Central,34.93,24.56,-0.003,0.113,525.33,10.57,9.29,87.89,339.38
2025-11-13,North,38.08,24.35,0.081,0.169,534.88,11.0,9.66,90.61,348.49
2025-11-13,South,35.89,25.06,0.077,0.168,520.34,10.82,9.66,88.71,343.56
2025-11-13,East,30.39,25.27,0.039,0.128,528.49,10.89,9.52,87.74,335.93
2025-11-13,West,37.44,24.78,0.049,0.154,520.92,10.98,9.63,88.33,343.58
2025-11-13,Central,36.43,24.56,0.05,0.144,524.43,10.86,9.53,88.06,340.3
2025-11-14,North,39.66,24.2,0.057,0.195,532.9,10.88,9.7,89.84,347.41
2025-11-14,South,33.41,24.92,0.068,0.195,524.71,10.69,9.61,88.52,343.24
2025-11-14,East,31.52,25.3,0.017,0.153,527.45,10.79,9.55,87.2,337.5
2025-11-14,West,35.22,24.5,0.042,0.206,521.53,10.98,9.68,88.71,342.94
2025-11-14,Central,37.84,24.28,0.033,0.178,527.57,10.55,9.38,87.98,340.62
2025-11-15,North,37.94,24.39,0.064,0.177,536.62,10.8,9.75,89.46,346.76
2025-11-15,South,33.43,25.06,0.069,0.187,522.42,10.77,9.46,88.93,342.09
2025-11-15,East,31.63,25.3,0.039,0.17,527.91,10.73,9.5,87.19,335.65
2025-11-15,West,36.49,24.64,0.043,0.168,520.25,10.97,9.91,88.41,341.6
2025-11-15,Central,38.1,24.63,0.037,0.19,526.98,10.81,9.5,88.24,337.85
2025-11-16,North,35.47,24.56,0.048,0.227,530.87,11.19,9.73,89.97,346.06
2025-11-16,South,32.09,25.11,0.026,0.214,520.08,10.66,9.49,89.04,341.69
2025-11-16,East,30.9,25.51,0.004,0.196,527.27,10.73,9.21,87.63,334.72
2025-11-16,West,32.44,24.82,0.027,0.202,518.63,11.04,9.54,88.73,340.61
2025-11-16,Central,35.1,24.76,0.023,0.176,524.92,10.71,9.51,88.12,337.69
2025-11-17,North,38.17,24.62,0.057,0.18,532.87,10.97,9.66,90.32,346.0
2025-11-17,South,33.0,25.26,0.065,0.2,520.79,10.89,9.64,89.14,343.1
2025-11-17,East,32.4,25.36,0.027,0.19,526.38,10.67,9.5,87.72,335.83
2025-11-17,West,36.43,24.88,0.05,0.197,520.17,11.12,9.84,88.52,342.71
2025-11-17,Central,35.96,24.77,0.043,0.185,526.89,10.52,9.18,88.32,339.19
2025-11-18,North,36.0,24.32,0.06,0.209,535.57,11.16,9.52,89.82,347.89
2025-11-18,South,33.58,24.97,0.046,0.2,523.52,10.78,9.6,89.12,344.37
2025-11-18,East,30.77,25.22,0.033,0.198,529.31,11.01,9.49,87.82,337.99
2025-11-18,West,37.15,24.61,0.05,0.172,521.91,10.87,9.74,88.59,344.46
2025-11-18,Central,37.58,24.53,0.009,0.179,525.06,10.71,9.41,88.25,339.5
2025-11-19,North,36.92,24.28,0.04,0.234,536.01,11.09,9.71,90.31,346.89
2025-11-19,South,32.03,24.97,0.033,0.227,521.3,10.76,9.18,88.92,344.02
2025-11-19,East,30.83,25.02,0.024,0.217,530.01,10.94,9.29,88.24,337.88
2025-11-19,West,36.69,24.54,0.031,0.221,519.59,10.86,9.64,88.13,344.11
2025-11-19,Central,37.97,24.44,0.009,0.211,525.22,10.71,9.3,88.26,341.03
2025-11-20,North,37.01,24.37,0.044,0.262,531.62,11.02,9.57,90.32,350.43
2025-11-20,South,34.95,25.1,0.039,0.254,526.82,10.81,9.28,89.18,346.22
2025-11-20,East,32.67,25.2,-0.008,0.243,525.71,10.94,9.38,87.57,339.31
2025-11-20,West,37.29,24.53,0.017,0.243,521.52,11.07,9.7,89.03,346.47
2025-11-20,Central,39.03,24.44,0.005,0.231,528.33,10.57,9.55,88.54,342.63
2025-11-21,North,36.53,24.5,0.05,0.238,537.13,11.25,9.51,89.79,348.64
2025-11-21,South,32.39,25.13,0.024,0.261,526.19,10.71,9.36,89.14,343.78
2025-11-21,East,30.06,25.46,-0.003,0.222,526.59,10.88,9.68,87.72,337.97
2025-11-21,West,34.29,24.74,0.031,0.218,521.54,10.9,9.95,88.62,343.25
2025-11-21,Central,35.87,24.69,0.023,0.222,527.75,10.59,9.62,88.59,341.55
2025-11-22,North,36.15,24.73,0.052,0.241,533.83,11.22,9.79,90.3,348.28
2025-11-22,South,31.76,25.5,0.045,0.283,523.15,10.9,9.41,89.21,344.86
2025-11-22,East,28.95,25.51,0.013,0.237,524.77,11.19,9.36,87.74,336.85
2025-11-22,West,33.85,24.88,0.04,0.237,522.38,11.05,9.66,88.45,343.49
2025-11-22,Central,34.15,24.97,0.012,0.243,528.32,10.57,9.58,88.58,340.67
2025-11-23,North,35.8,24.33,0.063,0.264,532.52,11.39,9.57,90.11,350.05
2025-11-23,South,31.25,25.19,0.038,0.241,525.07,10.77,9.82,89.22,345.09
2025-11-23,East,27.7,25.4,0.012,0.243,533.4,10.84,9.31,88.37,338.08
2025-11-23,West,33.67,24.7,0.045,0.244,519.05,11.13,9.72,89.03,344.65
2025-11-23,Central,34.33,24.72,0.043,0.255,523.47,10.68,9.52,88.47,342.78
2025-11-24,North,30.7,24.59,0.059,0.251,534.13,11.22,9.78,90.59,347.95
2025-11-24,South,29.16,25.36,0.061,0.246,523.58,11.08,9.67,89.48,343.78
2025-11-24,East,26.16,25.42,0.02,0.213,530.91,10.87,9.24,88.64,336.06
2025-11-24,West,30.49,24.77,0.044,0.235,523.47,11.14,9.71,89.31,343.14
2025-11-24,Central,31.61,24.85,0.014,0.264,527.95,10.77,9.5,88.94,340.61
2025-11-25,North,33.96,24.76,0.021,0.258,535.57,11.06,9.59,90.29,349.57
2025-11-25,South,28.88,25.42,0.018,0.237,525.47,10.66,9.61,89.74,344.93
2025-11-25,East,28.49,25.57,-0.001,0.245,529.2,10.92,9.62,88.41,337.15
2025-11-25,West,32.83,24.91,0.012,0.241,523.65,11.16,9.92,88.8,344.42
2025-11-25,Central,32.54,24.87,-0.001,0.265,527.73,10.62,9.57,88.7,342.1
2025-11-26,North,35.7,24.48,0.06,0.308,534.3,10.98,9.8,90.56,350.84
2025-11-26,South,32.13,25.22,0.063,0.297,524.88,10.72,9.59,89.83,347.16
2025-11-26,East,29.9,25.3,0.018,0.308,532.71,10.93,9.4,88.24,339.84
2025-11-26,West,33.82,24.96,0.042,0.288,522.85,11.0,10.01,89.45,345.22
2025-11-26,Central,35.82,24.58,0.04,0.273,527.38,10.88,9.61,88.86,343.93
2025-11-27,North,34.69,24.53,0.072,0.298,535.62,11.36,9.65,90.92,350.75
2025-11-27,South,31.53,25.25,0.06,0.317,525.11,10.91,9.6,89.63,346.93
2025-11-27,East,27.23,25.51,0.006,0.274,529.6,11.11,9.45,88.54,340.5
2025-11-27,West,34.28,24.79,0.047,0.284,522.77,10.96,9.82,89.39,345.9
2025-11-27,Central,34.22,24.78,0.021,0.295,530.7,10.73,9.64,88.73,344.5
2025-11-28,North,36.38,24.66,0.075,0.322,537.69,11.25,9.92,90.65,352.23
2025-11-28,South,30.69,25.37,0.089,0.302,526.29,10.9,9.55,90.12,346.76
2025-11-28,East,28.02,25.41,0.024,0.278,532.87,10.78,9.61,88.54,341.06
2025-11-28,West,32.68,24.91,0.068,0.299,525.23,11.11,9.74,89.48,346.2
2025-11-28,Central,34.64,24.79,0.036,0.302,528.23,10.61,9.42,88.69,345.31
2025-11-29,North,35.8,24.61,0.088,0.356,535.77,11.11,9.66,90.87,349.62
2025-11-29,South,31.92,25.41,0.062,0.301,529.07,10.82,9.89,90.1,346.63
2025-11-29,East,29.56,25.41,0.017,0.313,533.96,10.77,9.69,89.18,339.98
2025-11-29,West,33.82,24.96,0.055,0.301,524.09,11.04,10.1,89.65,346.0
2025-11-29,Central,34.88,24.82,0.036,0.32,529.04,10.86,9.47,89.24,344.22
2025-11-30,North,36.74,24.58,0.041,0.267,538.84,11.42,9.75,90.79,351.75
2025-11-30,South,32.31,25.32,0.045,0.28,526.73,11.02,9.62,90.2,347.92
2025-11-30,East,29.87,25.26,0.033,0.255,531.23,11.01,9.64,88.47,340.06
2025-11-30,West,34.23,24.66,0.028,0.29,526.94,10.98,9.93,89.62,348.34
2025-11-30,Central,35.51,24.59,0.043,0.251,532.47,10.71,9.42,89.28,344.25
2025-12-01,North,36.0,24.48,0.055,0.318,540.61,11.24,9.85,91.27,351.71
2025-12-01,South,31.23,25.03,0.043,0.293,524.48,10.76,9.85,90.11,347.48
2025-12-01,East,28.2,25.3,0.018,0.257,531.06,11.02,9.6,88.44,341.05
2025-12-01,West,32.72,24.73,0.027,0.289,525.09,11.15,10.16,89.83,346.52
2025-12-01,Central,34.12,24.73,0.024,0.271,531.02,10.76,9.72,89.45,343.79
2025-12-02,North,34.5,24.37,0.092,0.287,541.25,11.22,9.94,91.56,352.76
2025-12-02,South,29.96,25.18,0.082,0.253,529.43,11.07,9.86,90.28,347.73
2025-12-02,East,27.79,25.44,0.04,0.257,538.44,10.89,9.48,89.06,342.17
2025-12-02,West,31.81,24.81,0.082,0.251,524.09,10.96,9.94,90.08,347.0
2025-12-02,Central,32.95,24.74,0.047,0.263,533.94,10.86,9.6,89.85,344.02
2025-12-03,North,36.13,24.5,0.073,0.254,541.62,11.25,9.87,91.4,351.94
2025-12-03,South,31.94,25.19,0.078,0.244,528.93,10.9,9.6,90.47,347.79
2025-12-03,East,29.12,25.46,0.037,0.217,531.36,11.15,9.7,88.99,341.25
2025-12-03,West,35.68,24.79,0.065,0.245,526.22,11.18,10.04,90.25,348.86
2025-12-03,Central,35.15,24.58,0.055,0.231,528.28,10.78,9.6,89.51,343.76
2025-12-04,North,35.85,24.38,0.082,0.308,538.28,11.13,9.91,91.49,352.04
2025-12-04,South,30.3,25.32,0.081,0.31,529.87,10.95,9.6,91.1,347.29
2025-12-04,East,28.87,25.28,0.032,0.269,531.01,10.78,9.68,89.19,341.64
2025-12-04,West,34.23,24.79,0.058,0.299,525.22,11.01,9.94,90.45,347.52
2025-12-04,Central,34.45,24.72,0.055,0.292,529.02,10.77,9.55,89.56,345.28
2025-12-05,North,39.96,24.59,0.075,0.313,536.46,11.38,9.83,91.42,354.31
2025-12-05,South,35.27,25.21,0.073,0.286,527.28,10.91,9.84,90.36,349.3
2025-12-05,East,32.35,25.23,0.045,0.315,533.61,11.22,9.69,89.33,342.87
2025-12-05,West,37.57,24.76,0.051,0.307,527.22,11.03,10.06,90.4,348.35
2025-12-05,Central,39.42,24.75,0.048,0.3,533.14,10.77,9.7,90.11,346.17
2025-12-06,North,39.81,24.49,0.103,0.309,542.22,11.49,10.05,91.64,353.25
2025-12-06,South,34.54,25.25,0.079,0.288,526.26,10.84,9.74,90.7,350.19
2025-12-06,East,33.06,25.48,0.049,0.277,531.15,10.9,9.91,89.35,344.32
2025-12-06,West,37.92,24.88,0.077,0.266,529.75,11.04,10.01,90.45,349.49
2025-12-06,Central,38.34,24.66,0.072,0.245,531.93,10.98,9.29,89.92,345.21
2025-12-07,North,37.48,24.75,0.091,0.288,543.65,11.48,9.78,91.51,354.86
2025-12-07,South,33.66,25.4,0.071,0.313,528.16,10.89,9.83,90.54,349.96
2025-12-07,East,29.22,25.45,0.043,0.279,532.08,11.01,9.59,89.68,343.78
2025-12-07,West,36.14,24.98,0.079,0.283,525.09,11.12,9.95,90.7,350.77
2025-12-07,Central,37.84,25.04,0.065,0.262,530.86,10.74,9.64,90.32,347.81
2025-12-08,North,39.4,24.61,0.081,0.257,542.6,11.33,9.79,91.49,355.36
2025-12-08,South,37.63,25.41,0.066,0.296,527.19,10.96,9.63,90.75,350.62
2025-12-08,East,33.57,25.52,0.036,0.259,533.46,11.0,9.84,89.43,343.51
2025-12-08,West,39.44,24.91,0.064,0.269,526.53,11.19,9.99,90.34,349.62
2025-12-08,Central,39.94,24.85,0.05,0.248,529.06,11.18,9.64,90.41,346.77
2025-12-09,North,40.74,24.57,0.102,0.266,539.15,11.05,9.88,91.76,353.02
2025-12-09,South,37.05,25.32,0.098,0.25,533.43,10.99,9.72,90.99,349.42
2025-12-09,East,33.66,25.43,0.054,0.252,532.45,10.93,9.87,89.71,342.28
2025-12-09,West,37.8,24.82,0.087,0.224,526.18,11.25,10.08,90.38,349.77
2025-12-09,Central,39.32,24.83,0.073,0.276,527.79,10.74,9.72,89.82,346.69
2025-12-10,North,40.63,24.72,0.077,0.292,543.18,11.37,9.95,91.91,352.78
2025-12-10,South,38.71,25.25,0.06,0.303,531.87,10.76,9.95,90.8,350.25
2025-12-10,East,35.63,25.52,0.036,0.266,533.12,11.14,9.68,89.46,343.22
2025-12-10,West,40.34,24.96,0.053,0.276,525.57,11.14,10.04,90.62,349.27
2025-12-10,Central,40.5,24.95,0.044,0.298,532.15,11.1,9.75,89.85,348.02
2025-12-11,North,42.43,24.69,0.087,0.302,542.15,11.15,9.89,91.96,354.13
2025-12-11,South,39.79,25.29,0.094,0.262,533.74,11.01,9.85,91.11,350.67
2025-12-11,East,36.5,25.46,0.054,0.292,535.69,11.19,10.06,89.98,343.57
2025-12-11,West,40.9,24.69,0.096,0.286,525.34,11.12,9.96,90.46,349.46
2025-12-11,Central,42.34,24.69,0.044,0.285,535.88,10.63,9.92,90.42,347.11
2025-12-12,North,42.1,24.67,0.117,0.261,546.72,11.18,10.22,92.12,353.4
2025-12-12,South,37.62,25.45,0.115,0.245,532.88,11.03,9.9,91.05,348.99
2025-12-12,East,35.89,25.5,0.068,0.248,535.65,10.92,9.86,90.06,341.77
2025-12-12,West,39.16,24.92,0.075,0.25,528.89,11.31,10.22,90.72,348.73
2025-12-12,Central,41.35,25.01,0.089,0.227,530.17,10.8,9.94,90.67,345.75
2025-12-13,North,41.87,24.77,0.113,0.26,541.46,11.1,10.34,92.07,353.54
2025-12-13,South,37.72,25.46,0.121,0.253,527.96,10.97,9.83,91.27,349.19
2025-12-13,East,33.19,25.57,0.074,0.245,537.94,11.3,9.95,90.29,343.18
2025-12-13,West,39.73,25.02,0.112,0.266,530.59,11.24,10.05,91.23,348.48
2025-12-13,Central,40.13,24.99,0.082,0.238,537.99,10.73,9.95,90.88,346.69
2025-12-14,North,40.74,24.72,0.126,0.273,544.97,11.26,10.32,92.59,353.83
2025-12-14,South,37.55,25.5,0.11,0.26,530.69,10.93,9.95,91.86,349.9
2025-12-14,East,34.18,25.61,0.093,0.241,535.84,11.1,9.7,90.05,343.25
2025-12-14,West,38.25,25.08,0.095,0.254,528.09,11.2,10.19,91.35,348.57
2025-12-14,Central,41.99,25.0,0.108,0.264,535.4,10.75,10.15,91.15,345.98
2025-12-15,North,40.74,24.96,0.141,0.27,540.95,11.17,10.26,92.75,354.9
2025-12-15,South,35.74,25.61,0.124,0.29,532.56,10.99,9.82,92.06,351.42
2025-12-15,East,31.58,26.04,0.108,0.288,538.48,11.09,9.78,90.53,343.31
2025-12-15,West,37.82,25.15,0.107,0.259,529.6,11.26,10.26,91.2,350.07
2025-12-15,Central,38.96,25.21,0.109,0.288,534.02,10.91,9.91,90.76,346.71
2025-12-16,North,38.3,24.72,0.135,0.277,541.01,11.25,10.13,92.61,353.09
2025-12-16,South,35.15,25.46,0.109,0.268,530.15,11.01,9.96,92.02,350.27
2025-12-16,East,31.74,25.6,0.065,0.255,540.46,11.14,9.83,90.8,341.79
2025-12-16,West,37.56,25.0,0.098,0.266,529.59,11.14,10.37,91.16,348.52
2025-12-16,Central,36.92,25.01,0.084,0.274,533.0,10.97,9.75,91.5,346.18
2025-12-17,North,40.9,24.67,0.122,0.331,540.85,11.21,10.09,92.74,356.48
2025-12-17,South,36.28,25.36,0.12,0.303,532.18,10.9,10.07,91.86,351.88
2025-12-17,East,33.46,25.52,0.083,0.291,538.39,11.05,9.9,91.04,344.42
2025-12-17,West,40.35,24.97,0.091,0.286,532.25,11.09,10.25,91.22,351.44
2025-12-17,Central,39.13,24.93,0.076,0.283,536.1,10.82,9.9,91.27,349.25
2025-12-18,North,42.49,24.77,0.111,0.324,540.4,11.11,10.14,92.98,355.84
2025-12-18,South,37.48,25.68,0.091,0.32,532.23,11.14,10.07,91.66,353.46
2025-12-18,East,33.91,25.58,0.076,0.323,539.31,10.87,10.15,90.44,345.9
2025-12-18,West,40.18,25.07,0.089,0.335,530.44,11.35,10.12,91.89,350.58
2025-12-18,Central,40.19,25.07,0.085,0.311,533.57,10.83,10.05,91.15,349.72
2025-12-19,North,39.99,24.85,0.139,0.316,541.81,11.14,10.4,92.59,356.18
2025-12-19,South,34.25,25.46,0.132,0.29,530.8,10.95,10.03,91.66,352.28
2025-12-19,East,32.62,25.8,0.085,0.279,538.95,11.05,9.94,90.77,344.22
2025-12-19,West,37.62,25.19,0.098,0.321,532.41,10.98,10.4,91.56,350.56
2025-12-19,Central,39.4,25.0,0.074,0.305,535.03,10.86,10.12,90.81,348.22
2025-12-20,North,37.72,24.96,0.134,0.287,543.32,11.22,10.18,92.49,354.44
2025-12-20,South,33.53,25.63,0.126,0.286,531.23,10.95,10.1,91.81,350.76
2025-12-20,East,29.67,25.81,0.11,0.273,536.27,11.01,9.84,90.31,344.5
2025-12-20,West,34.81,25.27,0.124,0.285,529.04,11.15,10.27,91.76,348.4
2025-12-20,Central,38.63,25.08,0.085,0.281,535.44,10.9,10.09,91.21,348.48
2025-12-21,North,41.6,24.88,0.161,0.317,543.13,11.18,10.07,92.84,356.74
2025-12-21,South,37.26,25.64,0.163,0.313,535.6,11.07,9.99,92.21,352.49
2025-12-21,East,33.61,25.8,0.098,0.275,537.41,10.75,10.18,90.81,346.18
2025-12-21,West,39.3,25.29,0.15,0.31,532.01,11.22,10.38,91.38,351.27
2025-12-21,Central,40.29,24.95,0.128,0.289,536.73,11.06,10.11,91.31,349.94
2025-12-22,North,39.86,25.24,0.184,0.288,544.6,11.36,10.03,92.81,357.31
2025-12-22,South,37.26,25.8,0.167,0.307,532.47,11.04,10.24,92.29,352.94
2025-12-22,East,33.56,25.9,0.143,0.294,535.27,11.09,9.84,90.7,346.42
2025-12-22,West,38.34,25.27,0.144,0.28,530.91,11.33,10.34,91.58,351.51
2025-12-22,Central,39.56,25.19,0.145,0.281,538.57,10.95,10.17,91.35,349.58
2025-12-23,North,39.3,25.19,0.199,0.289,542.81,11.19,10.53,93.1,357.38
2025-12-23,South,34.01,25.9,0.163,0.278,532.84,10.99,10.27,92.25,353.1
2025-12-23,East,34.31,26.21,0.136,0.276,539.98,11.12,10.02,90.77,346.44
2025-12-23,West,38.96,25.56,0.164,0.267,530.04,11.04,10.36,91.49,352.3
2025-12-23,Central,38.84,25.57,0.156,0.26,536.94,10.69,10.09,91.15,350.7
2025-12-24,North,39.37,25.5,0.166,0.279,542.08,11.25,10.19,93.31,354.63
2025-12-24,South,36.74,25.94,0.166,0.298,534.48,11.02,10.24,92.4,351.85
2025-12-24,East,34.06,26.24,0.135,0.267,538.62,11.17,10.25,90.88,344.75
2025-12-24,West,38.8,25.59,0.165,0.274,532.06,11.11,10.5,91.9,352.52
2025-12-24,Central,39.21,25.55,0.148,0.262,537.31,11.04,10.04,91.36,347.89
2025-12-25,North,37.62,25.57,0.162,0.28,546.29,11.39,10.35,92.91,355.05
2025-12-25,South,35.0,26.16,0.171,0.291,534.33,11.13,10.17,92.84,350.91
2025-12-25,East,30.08,26.18,0.15,0.276,537.92,11.01,9.84,90.86,344.36
2025-12-25,West,34.27,25.65,0.142,0.291,535.09,11.21,10.44,92.08,350.4
2025-12-25,Central,35.75,25.57,0.144,0.239,537.39,10.94,10.06,91.68,347.77
2025-12-26,North,41.26,25.2,0.177,0.261,543.45,11.19,10.45,93.37,357.02
2025-12-26,South,35.74,25.84,0.163,0.278,534.29,10.96,10.33,92.53,352.88
2025-12-26,East,33.46,26.16,0.136,0.243,542.55,11.02,10.15,91.61,345.68
2025-12-26,West,39.04,25.48,0.166,0.279,533.92,11.22,10.65,91.7,352.08
2025-12-26,Central,40.42,25.36,0.155,0.255,540.68,10.99,10.08,92.02,349.56
2025-12-27,North,39.32,25.31,0.184,0.302,550.28,11.25,10.31,93.49,357.78
2025-12-27,South,37.42,26.05,0.178,0.287,537.23,10.92,10.29,92.53,353.69
2025-12-27,East,34.2,26.27,0.145,0.24,541.62,10.95,10.05,91.56,345.95
2025-12-27,West,38.14,25.52,0.168,0.263,535.73,11.31,10.59,92.34,351.54
2025-12-27,Central,40.09,25.51,0.143,0.27,540.64,10.76,9.96,91.82,351.24
2025-12-28,North,42.0,25.53,0.193,0.285,548.01,11.56,10.25,93.64,358.79
2025-12-28,South,38.54,26.27,0.163,0.296,539.46,11.23,10.21,92.67,355.56
2025-12-28,East,35.54,26.42,0.151,0.246,537.23,11.38,10.16,91.44,347.86
2025-12-28,West,41.2,25.85,0.152,0.264,535.3,11.24,10.5,91.77,354.86
2025-12-28,Central,41.6,25.7,0.149,0.267,538.64,10.85,10.36,91.8,350.71
2025-12-29,North,43.55,25.61,0.179,0.255,545.23,11.36,10.43,93.52,359.17
2025-12-29,South,40.06,26.43,0.169,0.257,535.25,10.98,10.11,92.55,356.12
2025-12-29,East,37.98,26.49,0.12,0.236,539.78,11.16,10.18,91.05,349.32
2025-12-29,West,40.64,25.98,0.17,0.266,535.3,11.12,10.4,92.55,354.12
2025-12-29,Central,43.18,25.9,0.129,0.25,537.22,10.94,10.12,91.58,351.6
2025-12-30,North,44.1,25.59,0.177,0.253,549.15,11.29,10.48,93.24,360.1
2025-12-30,South,42.84,26.2,0.147,0.259,534.02,11.08,10.14,92.27,356.68
2025-12-30,East,38.2,26.57,0.118,0.234,542.05,11.21,10.2,91.04,349.01
2025-12-30,West,44.78,25.84,0.138,0.26,534.41,11.12,10.68,92.06,355.39
2025-12-30,Central,43.88,25.77,0.135,0.233,537.81,10.87,10.17,91.71,352.35
2025-12-31,North,45.46,25.77,0.162,0.259,546.61,11.34,10.6,93.68,360.54
2025-12-31,South,41.17,26.41,0.156,0.243,534.34,10.86,10.44,92.87,357.09
2025-12-31,East,37.21,26.68,0.131,0.251,545.17,11.01,10.16,91.21,349.92
2025-12-31,West,44.65,26.07,0.141,0.24,533.67,11.06,10.49,92.61,356.71
2025-12-31,Central,46.03,25.95,0.143,0.236,540.58,10.77,10.36,92.2,354.0
